1000 200 -0.69
1000 201 1.27
1000 202 0.51
1000 203 0.58
1000 204 -0.73
1000 205 3.00
1000 206 -3.00
1000 207 2.00
1000 208 3.00
1000 209 -1.00
1000 210 2.00
1000 211 2.00
1000 212 0.80
1000 213 -3.00
1000 214 1.50
1000 215 2.00
1001 200 -0.69
1001 201 1.27
1001 202 0.51
1001 203 0.58
1001 204 -0.73
1001 205 2.00
1001 206 -2.00
1001 207 2.00
1001 208 3.00
1001 209 1.00
1001 210 2.00
1001 211 2.00
1001 212 0.80
1001 213 -3.00
1001 214 1.20
1001 215 1.50
1002 200 0.63
1002 201 1.48
1002 202 0.17
1002 203 1.38
1002 204 -1.22
1002 205 3.00
1002 206 2.00
1002 207 2.00
1002 208 2.00
1002 209 2.00
1002 210 1.00
1002 211 1.00
1002 212 0.80
1002 213 -1.00
1002 214 1.20
1002 215 2.00
1003 200 1.45
1003 201 1.59
1003 202 0.86
1003 203 1.41
1003 204 -0.80
1003 205 3.00
1003 206 -1.00
1003 207 0.00
1003 208 3.00
1003 209 1.00
1003 210 0.00
1003 211 1.00
1003 212 1.50
1003 213 -3.00
1003 214 1.20
1003 215 2.50
1004 200 0.32
1004 201 2.22
1004 202 1.29
1004 203 1.00
1004 204 -0.93
1004 205 2.00
1004 206 -1.00
1004 207 3.00
1004 208 2.00
1004 209 -1.00
1004 210 1.00
1004 211 1.00
1004 212 0.20
1004 213 -2.00
1004 214 0.30
1004 215 1.20
1005 200 -0.69
1005 201 1.27
1005 202 0.51
1005 203 0.58
1005 204 -0.73
1005 205 2.00
1005 206 -2.00
1005 207 1.00
1005 208 3.00
1005 209 1.00
1005 210 2.00
1005 211 2.00
1005 212 -0.80
1005 213 -1.00
1005 214 0.90
1005 215 1.20
1006 200 1.91
1006 201 0.31
1006 202 1.49
1006 203 0.85
1006 204 0.22
1006 205 3.00
1006 206 1.00
1006 207 2.00
1006 208 3.00
1006 209 2.00
1006 210 0.00
1006 211 1.00
1006 212 0.80
1006 213 -3.00
1006 214 2.20
1006 215 2.40
1007 200 1.91
1007 201 0.31
1007 202 1.49
1007 203 0.85
1007 204 0.22
1007 205 3.00
1007 206 -2.00
1007 207 1.00
1007 208 3.00
1007 209 2.00
1007 210 -1.00
1007 211 2.00
1007 212 0.30
1007 213 -1.00
1007 214 2.20
1007 215 2.50
1008 200 1.91
1008 201 0.31
1008 202 1.49
1008 203 0.85
1008 204 0.22
1008 205 3.00
1008 206 0.00
1008 207 2.00
1008 208 3.00
1008 209 1.00
1008 210 1.00
1008 211 2.00
1008 212 1.20
1008 213 -3.00
1008 214 1.80
1008 215 2.30
1009 200 1.91
1009 201 0.31
1009 202 1.49
1009 203 0.85
1009 204 0.22
1009 205 2.00
1009 206 3.00
1009 207 2.00
1009 208 2.00
1009 209 1.00
1009 210 3.00
1009 211 1.00
1009 212 1.40
1009 213 -1.00
1009 214 1.20
1009 215 2.20
1010 200 0.32
1010 201 2.22
1010 202 1.29
1010 203 1.00
1010 204 -0.93
1010 205 2.00
1010 206 -2.00
1010 207 2.00
1010 208 2.00
1010 209 -1.00
1010 210 2.00
1010 211 2.00
1010 212 0.50
1010 213 -3.00
1010 214 1.00
1010 215 1.20
1011 200 -0.69
1011 201 1.27
1011 202 0.51
1011 203 0.58
1011 204 -0.73
1011 205 3.00
1011 206 -2.00
1011 207 1.00
1011 208 3.00
1011 209 2.00
1011 210 2.00
1011 211 2.00
1011 212 0.50
1011 213 -2.00
1011 214 1.50
1011 215 2.00
1012 200 1.45
1012 201 1.59
1012 202 0.86
1012 203 1.41
1012 204 -0.80
1012 205 3.00
1012 206 -2.00
1012 207 0.00
1012 208 3.00
1012 209 1.00
1012 210 1.00
1012 211 2.00
1012 212 1.30
1012 213 -2.00
1012 214 2.40
1012 215 2.70
1013 200 1.45
1013 201 1.59
1013 202 0.86
1013 203 1.41
1013 204 -0.80
1013 205 3.00
1013 206 3.00
1013 207 0.00
1013 208 3.00
1013 209 2.00
1013 210 2.00
1013 211 1.00
1013 212 1.20
1013 213 -2.00
1013 214 1.90
1013 215 2.40
1014 200 1.45
1014 201 1.59
1014 202 0.86
1014 203 1.41
1014 204 -0.80
1014 205 2.00
1014 206 -2.00
1014 207 0.00
1014 208 2.00
1014 209 1.00
1014 210 -1.00
1014 211 -1.00
1014 212 0.00
1014 213 -1.00
1014 214 0.50
1014 215 1.00
1015 200 1.45
1015 201 1.59
1015 202 0.86
1015 203 1.41
1015 204 -0.80
1015 205 -2.00
1015 206 3.00
1015 207 2.00
1015 208 -1.00
1015 209 2.00
1015 210 3.00
1015 211 2.00
1015 212 1.50
1015 213 1.00
1015 214 0.40
1015 215 2.20
1016 200 1.45
1016 201 1.59
1016 202 0.86
1016 203 1.41
1016 204 -0.80
1016 205 3.00
1016 206 0.00
1016 207 2.00
1016 208 3.00
1016 209 1.00
1016 210 2.00
1016 211 1.00
1016 212 0.70
1016 213 -2.00
1016 214 1.30
1016 215 2.10
1017 200 1.45
1017 201 1.59
1017 202 0.86
1017 203 1.41
1017 204 -0.80
1017 205 -1.00
1017 206 2.00
1017 207 2.00
1017 208 -1.00
1017 209 1.00
1017 210 3.00
1017 211 -1.00
1017 212 2.00
1017 213 0.00
1017 214 0.50
1017 215 2.00
1018 200 1.45
1018 201 1.59
1018 202 0.86
1018 203 1.41
1018 204 -0.80
1018 205 -1.00
1018 206 2.00
1018 207 1.00
1018 208 -2.00
1018 209 2.00
1018 210 3.00
1018 211 1.00
1018 212 1.00
1018 213 -1.00
1018 214 -1.20
1018 215 2.00
1019 200 1.45
1019 201 1.59
1019 202 0.86
1019 203 1.41
1019 204 -0.80
1019 205 2.00
1019 206 3.00
1019 207 2.00
1019 208 2.00
1019 209 2.00
1019 210 3.00
1019 211 1.00
1019 212 2.50
1019 213 0.00
1019 214 2.00
1019 215 2.80
1020 200 0.84
1020 201 -0.07
1020 202 1.16
1020 203 0.23
1020 204 -0.19
1020 205 2.00
1020 206 -2.00
1020 207 1.00
1020 208 3.00
1020 209 1.00
1020 210 2.00
1020 211 1.00
1020 212 1.20
1020 213 -3.00
1020 214 1.50
1020 215 2.10
1021 200 0.84
1021 201 -0.07
1021 202 1.16
1021 203 0.23
1021 204 -0.19
1021 205 -2.00
1021 206 3.00
1021 207 1.00
1021 208 -1.00
1021 209 2.00
1021 210 3.00
1021 211 0.00
1021 212 1.80
1021 213 0.00
1021 214 0.80
1021 215 2.20
1022 200 1.45
1022 201 1.59
1022 202 0.86
1022 203 1.41
1022 204 -0.80
1022 205 2.00
1022 206 1.00
1022 207 2.00
1022 208 3.00
1022 209 1.00
1022 210 3.00
1022 211 0.00
1022 212 2.00
1022 213 0.00
1022 214 2.20
1022 215 2.80
1023 200 1.45
1023 201 1.59
1023 202 0.86
1023 203 1.41
1023 204 -0.80
1023 205 2.00
1023 206 1.00
1023 207 1.00
1023 208 2.00
1023 209 2.00
1023 210 2.00
1023 211 0.00
1023 212 1.20
1023 213 0.00
1023 214 0.80
1023 215 2.20
1024 200 1.45
1024 201 1.59
1024 202 0.86
1024 203 1.41
1024 204 -0.80
1024 205 2.00
1024 206 1.00
1024 207 2.00
1024 208 2.00
1024 209 2.00
1024 210 3.00
1024 211 1.00
1024 212 0.50
1024 213 0.00
1024 214 1.00
1024 215 2.00
1025 200 1.45
1025 201 1.59
1025 202 0.86
1025 203 1.41
1025 204 -0.80
1025 205 2.00
1025 206 -1.00
1025 207 1.00
1025 208 3.00
1025 209 1.00
1025 210 2.00
1025 211 2.00
1025 212 1.20
1025 213 0.00
1025 214 1.80
1025 215 2.30
1026 200 1.45
1026 201 1.59
1026 202 0.86
1026 203 1.41
1026 204 -0.80
1026 205 -1.00
1026 206 3.00
1026 207 1.00
1026 208 -2.00
1026 209 2.00
1026 210 2.00
1026 211 0.00
1026 212 -0.80
1026 213 -1.00
1026 214 -1.20
1026 215 1.40
1027 200 1.45
1027 201 1.59
1027 202 0.86
1027 203 1.41
1027 204 -0.80
1027 205 1.00
1027 206 1.00
1027 207 2.00
1027 208 -2.00
1027 209 0.00
1027 210 -2.00
1027 211 -2.00
1027 212 -1.00
1027 213 0.00
1027 214 -2.00
1027 215 2.20
1028 200 1.45
1028 201 1.59
1028 202 0.86
1028 203 1.41
1028 204 -0.80
1028 205 3.00
1028 206 2.00
1028 207 1.00
1028 208 3.00
1028 209 2.00
1028 210 2.00
1028 211 0.00
1028 212 1.50
1028 213 -3.00
1028 214 1.20
1028 215 2.00
1029 200 0.75
1029 201 0.21
1029 202 0.77
1029 203 0.42
1029 204 -0.06
1029 205 0.00
1029 206 2.00
1029 207 1.00
1029 208 0.00
1029 209 2.00
1029 210 3.00
1029 211 1.00
1029 212 2.00
1029 213 -3.00
1029 214 -0.80
1029 215 2.50
1030 200 1.45
1030 201 1.59
1030 202 0.86
1030 203 1.41
1030 204 -0.80
1030 205 1.00
1030 206 2.00
1030 207 2.00
1030 208 2.00
1030 209 2.00
1030 210 3.00
1030 211 1.00
1030 212 2.20
1030 213 -1.00
1030 214 0.80
1030 215 2.50
1031 200 -0.69
1031 201 1.27
1031 202 0.51
1031 203 0.58
1031 204 -0.73
1031 205 1.00
1031 206 2.00
1031 207 1.00
1031 208 1.00
1031 209 2.00
1031 210 3.00
1031 211 1.00
1031 212 0.50
1031 213 -2.00
1031 214 -0.20
1031 215 1.00
1032 200 -0.69
1032 201 1.27
1032 202 0.51
1032 203 0.58
1032 204 -0.73
1032 205 2.00
1032 206 -1.00
1032 207 1.00
1032 208 2.00
1032 209 1.00
1032 210 2.00
1032 211 1.00
1032 212 0.70
1032 213 -1.00
1032 214 1.50
1032 215 1.80
1033 200 0.84
1033 201 -0.07
1033 202 1.16
1033 203 0.23
1033 204 -0.19
1033 205 3.00
1033 206 0.00
1033 207 -2.00
1033 208 3.00
1033 209 2.00
1033 210 -1.00
1033 211 -1.00
1033 212 1.00
1033 213 0.00
1033 214 1.50
1033 215 2.00
1034 200 -0.69
1034 201 1.27
1034 202 0.51
1034 203 0.58
1034 204 -0.73
1034 205 2.00
1034 206 1.00
1034 207 1.00
1034 208 3.00
1034 209 2.00
1034 210 2.00
1034 211 2.00
1034 212 -1.40
1034 213 -1.00
1034 214 0.60
1034 215 1.40
1035 200 -0.69
1035 201 1.27
1035 202 0.51
1035 203 0.58
1035 204 -0.73
1035 205 3.00
1035 206 -2.00
1035 207 0.00
1035 208 3.00
1035 209 -1.00
1035 210 2.00
1035 211 2.00
1035 212 0.00
1035 213 -2.00
1035 214 2.00
1035 215 1.50
1036 200 -0.69
1036 201 1.27
1036 202 0.51
1036 203 0.58
1036 204 -0.73
1036 205 3.00
1036 206 -1.00
1036 207 1.00
1036 208 3.00
1036 209 2.00
1036 210 1.00
1036 211 0.00
1036 212 1.00
1036 213 -1.00
1036 214 1.50
1036 215 2.00
1037 200 -0.69
1037 201 1.27
1037 202 0.51
1037 203 0.58
1037 204 -0.73
1037 205 3.00
1037 206 -3.00
1037 207 1.00
1037 208 3.00
1037 209 0.00
1037 210 2.00
1037 211 0.00
1037 212 1.00
1037 213 -1.00
1037 214 2.00
1037 215 1.80
1038 200 -0.69
1038 201 1.27
1038 202 0.51
1038 203 0.58
1038 204 -0.73
1038 205 2.00
1038 206 -2.00
1038 207 -1.00
1038 208 3.00
1038 209 2.00
1038 210 2.00
1038 211 1.00
1038 212 0.80
1038 213 -1.00
1038 214 1.00
1038 215 1.50
1039 200 -0.69
1039 201 1.27
1039 202 0.51
1039 203 0.58
1039 204 -0.73
1039 205 2.00
1039 206 1.00
1039 207 1.00
1039 208 2.00
1039 209 2.00
1039 210 3.00
1039 211 1.00
1039 212 0.50
1039 213 0.00
1039 214 0.30
1039 215 1.00
1040 200 -0.69
1040 201 1.27
1040 202 0.51
1040 203 0.58
1040 204 -0.73
1040 205 3.00
1040 206 -2.00
1040 207 0.00
1040 208 3.00
1040 209 2.00
1040 210 2.00
1040 211 0.00
1040 212 0.70
1040 213 -2.00
1040 214 2.20
1040 215 2.30
1041 200 -0.69
1041 201 1.27
1041 202 0.51
1041 203 0.58
1041 204 -0.73
1041 205 2.00
1041 206 0.00
1041 207 0.00
1041 208 2.00
1041 209 2.00
1041 210 3.00
1041 211 -1.00
1041 212 -0.70
1041 213 -1.00
1041 214 -0.30
1041 215 0.80
1042 200 -0.69
1042 201 1.27
1042 202 0.51
1042 203 0.58
1042 204 -0.73
1042 205 3.00
1042 206 -2.00
1042 207 2.00
1042 208 3.00
1042 209 0.00
1042 210 2.00
1042 211 1.00
1042 212 1.00
1042 213 0.00
1042 214 1.50
1042 215 2.00
1043 200 -0.69
1043 201 1.27
1043 202 0.51
1043 203 0.58
1043 204 -0.73
1043 205 2.00
1043 206 -1.00
1043 207 1.00
1043 208 2.00
1043 209 2.00
1043 210 2.00
1043 211 1.00
1043 212 1.00
1043 213 0.00
1043 214 1.50
1043 215 2.00
1044 200 -0.69
1044 201 1.27
1044 202 0.51
1044 203 0.58
1044 204 -0.73
1044 205 2.00
1044 206 -2.00
1044 207 1.00
1044 208 2.00
1044 209 0.00
1044 210 2.00
1044 211 2.00
1044 212 0.50
1044 213 -1.00
1044 214 0.40
1044 215 1.00
1045 200 -0.69
1045 201 1.27
1045 202 0.51
1045 203 0.58
1045 204 -0.73
1045 205 2.00
1045 206 -1.00
1045 207 1.00
1045 208 3.00
1045 209 2.00
1045 210 2.00
1045 211 0.00
1045 212 1.50
1045 213 -1.00
1045 214 1.00
1045 215 2.00
1046 200 -0.69
1046 201 1.27
1046 202 0.51
1046 203 0.58
1046 204 -0.73
1046 205 3.00
1046 206 -3.00
1046 207 2.00
1046 208 3.00
1046 209 0.00
1046 210 2.00
1046 211 2.00
1046 212 0.80
1046 213 -1.00
1046 214 2.20
1046 215 1.80
1047 200 -0.69
1047 201 1.27
1047 202 0.51
1047 203 0.58
1047 204 -0.73
1047 205 2.00
1047 206 -2.00
1047 207 1.00
1047 208 2.00
1047 209 1.00
1047 210 2.00
1047 211 1.00
1047 212 -0.50
1047 213 1.00
1047 214 -1.00
1047 215 1.00
1048 200 -0.69
1048 201 1.27
1048 202 0.51
1048 203 0.58
1048 204 -0.73
1048 205 2.00
1048 206 0.00
1048 207 1.00
1048 208 2.00
1048 209 2.00
1048 210 2.00
1048 211 1.00
1048 212 0.80
1048 213 0.00
1048 214 0.60
1048 215 1.50
1049 200 -0.69
1049 201 1.27
1049 202 0.51
1049 203 0.58
1049 204 -0.73
1049 205 2.00
1049 206 -2.00
1049 207 1.00
1049 208 2.00
1049 209 0.00
1049 210 2.00
1049 211 1.00
1049 212 0.50
1049 213 0.00
1049 214 0.70
1049 215 1.60
1050 200 0.84
1050 201 -0.07
1050 202 1.16
1050 203 0.23
1050 204 -0.19
1050 205 3.00
1050 206 0.00
1050 207 1.00
1050 208 3.00
1050 209 2.00
1050 210 2.00
1050 211 0.00
1050 212 1.20
1050 213 1.00
1050 214 0.90
1050 215 2.00
1051 200 0.84
1051 201 -0.07
1051 202 1.16
1051 203 0.23
1051 204 -0.19
1051 205 2.00
1051 206 -2.00
1051 207 0.00
1051 208 2.00
1051 209 2.00
1051 210 -1.00
1051 211 1.00
1051 212 0.00
1051 213 1.00
1051 214 0.80
1051 215 1.20
1052 200 -0.69
1052 201 1.27
1052 202 0.51
1052 203 0.58
1052 204 -0.73
1052 205 2.00
1052 206 -2.00
1052 207 2.00
1052 208 2.00
1052 209 -1.00
1052 210 2.00
1052 211 1.00
1052 212 0.00
1052 213 1.00
1052 214 1.00
1052 215 2.00
1053 200 -0.69
1053 201 1.27
1053 202 0.51
1053 203 0.58
1053 204 -0.73
1053 205 3.00
1053 206 -2.00
1053 207 1.00
1053 208 3.00
1053 209 1.00
1053 210 2.00
1053 211 1.00
1053 212 1.00
1053 213 0.00
1053 214 2.00
1053 215 2.50
1054 200 -0.69
1054 201 1.27
1054 202 0.51
1054 203 0.58
1054 204 -0.73
1054 205 0.00
1054 206 -2.00
1054 207 1.00
1054 208 1.00
1054 209 -1.00
1054 210 -1.00
1054 211 0.00
1054 212 0.50
1054 213 0.00
1054 214 1.00
1054 215 0.80
1055 200 0.84
1055 201 -0.07
1055 202 1.16
1055 203 0.23
1055 204 -0.19
1055 205 2.00
1055 206 -1.00
1055 207 2.00
1055 208 2.00
1055 209 1.00
1055 210 2.00
1055 211 0.00
1055 212 0.80
1055 213 1.00
1055 214 0.30
1055 215 2.00
1056 200 -0.69
1056 201 1.27
1056 202 0.51
1056 203 0.58
1056 204 -0.73
1056 205 2.00
1056 206 -1.00
1056 207 0.00
1056 208 1.00
1056 209 1.00
1056 210 2.00
1056 211 1.00
1056 212 -0.80
1056 213 2.00
1056 214 0.50
1056 215 1.80
1057 200 -0.69
1057 201 1.27
1057 202 0.51
1057 203 0.58
1057 204 -0.73
1057 205 2.00
1057 206 -2.00
1057 207 1.00
1057 208 2.00
1057 209 1.00
1057 210 2.00
1057 211 1.00
1057 212 -1.20
1057 213 1.00
1057 214 0.50
1057 215 1.50
1058 200 -0.69
1058 201 1.27
1058 202 0.51
1058 203 0.58
1058 204 -0.73
1058 205 3.00
1058 206 -2.00
1058 207 0.00
1058 208 3.00
1058 209 2.00
1058 210 2.00
1058 211 2.00
1058 212 0.50
1058 213 0.00
1058 214 2.00
1058 215 2.50
1059 200 -0.69
1059 201 1.27
1059 202 0.51
1059 203 0.58
1059 204 -0.73
1059 205 3.00
1059 206 -2.00
1059 207 -1.00
1059 208 3.00
1059 209 -1.00
1059 210 2.00
1059 211 2.00
1059 212 0.00
1059 213 0.00
1059 214 2.50
1059 215 2.00
1060 200 -0.69
1060 201 1.27
1060 202 0.51
1060 203 0.58
1060 204 -0.73
1060 205 2.00
1060 206 -2.00
1060 207 2.00
1060 208 2.00
1060 209 1.00
1060 210 2.00
1060 211 2.00
1060 212 0.50
1060 213 2.00
1060 214 0.80
1060 215 1.20
1061 200 -0.69
1061 201 1.27
1061 202 0.51
1061 203 0.58
1061 204 -0.73
1061 205 2.00
1061 206 -2.00
1061 207 1.00
1061 208 3.00
1061 209 1.00
1061 210 1.00
1061 211 1.00
1061 212 0.70
1061 213 1.00
1061 214 2.20
1061 215 1.80
1062 200 -0.69
1062 201 1.27
1062 202 0.51
1062 203 0.58
1062 204 -0.73
1062 205 3.00
1062 206 -2.00
1062 207 1.00
1062 208 3.00
1062 209 1.00
1062 210 2.00
1062 211 2.00
1062 212 0.50
1062 213 1.00
1062 214 1.80
1062 215 2.20
1063 200 -0.69
1063 201 1.27
1063 202 0.51
1063 203 0.58
1063 204 -0.73
1063 205 3.00
1063 206 -1.00
1063 207 -2.00
1063 208 2.00
1063 209 1.00
1063 210 2.00
1063 211 1.00
1063 212 0.20
1063 213 0.00
1063 214 1.50
1063 215 2.00
1064 200 0.84
1064 201 -0.07
1064 202 1.16
1064 203 0.23
1064 204 -0.19
1064 205 3.00
1064 206 1.00
1064 207 2.00
1064 208 3.00
1064 209 1.00
1064 210 2.00
1064 211 2.00
1064 212 0.00
1064 213 2.00
1064 214 0.70
1064 215 1.40
1065 200 0.84
1065 201 -0.07
1065 202 1.16
1065 203 0.23
1065 204 -0.19
1065 205 2.00
1065 206 1.00
1065 207 2.00
1065 208 2.00
1065 209 1.00
1065 210 2.00
1065 211 2.00
1065 212 0.00
1065 213 2.00
1065 214 -0.30
1065 215 1.80
1066 200 -0.69
1066 201 1.27
1066 202 0.51
1066 203 0.58
1066 204 -0.73
1066 205 3.00
1066 206 -2.00
1066 207 2.00
1066 208 3.00
1066 209 1.00
1066 210 2.00
1066 211 2.00
1066 212 1.20
1066 213 1.00
1066 214 2.20
1066 215 2.40
1067 200 0.32
1067 201 2.22
1067 202 1.29
1067 203 1.00
1067 204 -0.93
1067 205 2.00
1067 206 -2.00
1067 207 1.00
1067 208 2.00
1067 209 2.00
1067 210 -1.00
1067 211 0.00
1067 212 -2.00
1067 213 -3.00
1067 214 1.00
1067 215 2.00
1068 200 0.32
1068 201 2.22
1068 202 1.29
1068 203 1.00
1068 204 -0.93
1068 205 2.00
1068 206 -2.00
1068 207 2.00
1068 208 2.00
1068 209 0.00
1068 210 2.00
1068 211 2.00
1068 212 -1.00
1068 213 0.00
1068 214 1.50
1068 215 2.00
1069 200 0.32
1069 201 2.22
1069 202 1.29
1069 203 1.00
1069 204 -0.93
1069 205 2.00
1069 206 0.00
1069 207 2.00
1069 208 2.00
1069 209 0.00
1069 210 2.00
1069 211 1.00
1069 212 -0.70
1069 213 0.00
1069 214 1.50
1069 215 2.00
1070 200 0.32
1070 201 2.22
1070 202 1.29
1070 203 1.00
1070 204 -0.93
1070 205 -2.00
1070 206 1.00
1070 207 1.00
1070 208 -2.00
1070 209 0.00
1070 210 3.00
1070 211 1.00
1070 212 0.50
1070 213 -2.00
1070 214 -1.00
1070 215 1.20
1071 200 0.32
1071 201 2.22
1071 202 1.29
1071 203 1.00
1071 204 -0.93
1071 205 2.00
1071 206 -1.00
1071 207 2.00
1071 208 2.00
1071 209 1.00
1071 210 2.00
1071 211 1.00
1071 212 -1.50
1071 213 -1.00
1071 214 0.80
1071 215 1.80
1072 200 0.32
1072 201 2.22
1072 202 1.29
1072 203 1.00
1072 204 -0.93
1072 205 2.00
1072 206 -2.00
1072 207 2.00
1072 208 2.00
1072 209 -1.00
1072 210 2.00
1072 211 1.00
1072 212 -0.80
1072 213 -1.00
1072 214 0.20
1072 215 0.80
1073 200 0.32
1073 201 2.22
1073 202 1.29
1073 203 1.00
1073 204 -0.93
1073 205 2.00
1073 206 -2.00
1073 207 2.00
1073 208 3.00
1073 209 1.00
1073 210 2.00
1073 211 1.00
1073 212 -0.80
1073 213 -2.00
1073 214 0.50
1073 215 1.80
1074 200 0.32
1074 201 2.22
1074 202 1.29
1074 203 1.00
1074 204 -0.93
1074 205 1.00
1074 206 -2.00
1074 207 3.00
1074 208 -2.00
1074 209 -1.00
1074 210 -2.00
1074 211 2.00
1074 212 -2.00
1074 213 -2.00
1074 214 -1.50
1074 215 1.00
1075 200 0.32
1075 201 2.22
1075 202 1.29
1075 203 1.00
1075 204 -0.93
1075 205 3.00
1075 206 -2.00
1075 207 1.00
1075 208 3.00
1075 209 2.00
1075 210 2.00
1075 211 1.00
1075 212 0.30
1075 213 -1.00
1075 214 1.60
1075 215 2.10
1076 200 0.32
1076 201 2.22
1076 202 1.29
1076 203 1.00
1076 204 -0.93
1076 205 2.00
1076 206 -2.00
1076 207 2.00
1076 208 1.00
1076 209 -1.00
1076 210 -1.00
1076 211 2.00
1076 212 -2.00
1076 213 0.00
1076 214 -0.50
1076 215 0.70
1077 200 0.32
1077 201 2.22
1077 202 1.29
1077 203 1.00
1077 204 -0.93
1077 205 3.00
1077 206 -1.00
1077 207 0.00
1077 208 3.00
1077 209 2.00
1077 210 2.00
1077 211 1.00
1077 212 0.50
1077 213 -1.00
1077 214 1.20
1077 215 2.10
1078 200 0.32
1078 201 2.22
1078 202 1.29
1078 203 1.00
1078 204 -0.93
1078 205 0.00
1078 206 -2.00
1078 207 2.00
1078 208 -1.00
1078 209 1.00
1078 210 0.00
1078 211 1.00
1078 212 -1.50
1078 213 0.00
1078 214 -1.50
1078 215 -2.00
1079 200 0.32
1079 201 2.22
1079 202 1.29
1079 203 1.00
1079 204 -0.93
1079 205 1.00
1079 206 -1.00
1079 207 2.00
1079 208 1.00
1079 209 -1.00
1079 210 3.00
1079 211 2.00
1079 212 0.00
1079 213 -2.00
1079 214 0.60
1079 215 1.80
1080 200 0.32
1080 201 2.22
1080 202 1.29
1080 203 1.00
1080 204 -0.93
1080 205 2.00
1080 206 -2.00
1080 207 2.00
1080 208 3.00
1080 209 0.00
1080 210 2.00
1080 211 2.00
1080 212 -0.50
1080 213 -2.00
1080 214 0.60
1080 215 1.20
1081 200 0.32
1081 201 2.22
1081 202 1.29
1081 203 1.00
1081 204 -0.93
1081 205 2.00
1081 206 -1.00
1081 207 2.00
1081 208 2.00
1081 209 -1.00
1081 210 2.00
1081 211 2.00
1081 212 -1.20
1081 213 0.00
1081 214 0.40
1081 215 1.20
1082 200 0.32
1082 201 2.22
1082 202 1.29
1082 203 1.00
1082 204 -0.93
1082 205 2.00
1082 206 -1.00
1082 207 2.00
1082 208 3.00
1082 209 2.00
1082 210 3.00
1082 211 2.00
1082 212 -0.80
1082 213 -1.00
1082 214 0.40
1082 215 1.20
1083 200 0.32
1083 201 2.22
1083 202 1.29
1083 203 1.00
1083 204 -0.93
1083 205 0.00
1083 206 -2.00
1083 207 1.00
1083 208 -2.00
1083 209 -1.00
1083 210 1.00
1083 211 2.00
1083 212 -0.50
1083 213 1.00
1083 214 -0.20
1083 215 0.50
1084 200 0.32
1084 201 2.22
1084 202 1.29
1084 203 1.00
1084 204 -0.93
1084 205 -1.00
1084 206 3.00
1084 207 2.00
1084 208 0.00
1084 209 2.00
1084 210 1.00
1084 211 -1.00
1084 212 -1.20
1084 213 -1.00
1084 214 -1.00
1084 215 1.10
1085 200 0.32
1085 201 2.22
1085 202 1.29
1085 203 1.00
1085 204 -0.93
1085 205 3.00
1085 206 -2.00
1085 207 2.00
1085 208 3.00
1085 209 -1.00
1085 210 2.00
1085 211 1.00
1085 212 -0.80
1085 213 0.00
1085 214 1.20
1085 215 1.50
1086 200 1.91
1086 201 0.31
1086 202 1.49
1086 203 0.85
1086 204 0.22
1086 205 2.00
1086 206 3.00
1086 207 2.00
1086 208 2.00
1086 209 2.00
1086 210 1.00
1086 211 1.00
1086 212 0.50
1086 213 0.00
1086 214 0.70
1086 215 1.80
1087 200 0.32
1087 201 2.22
1087 202 1.29
1087 203 1.00
1087 204 -0.93
1087 205 2.00
1087 206 -2.00
1087 207 -1.00
1087 208 3.00
1087 209 2.00
1087 210 1.00
1087 211 1.00
1087 212 -1.00
1087 213 -1.00
1087 214 1.20
1087 215 2.00
1088 200 0.32
1088 201 2.22
1088 202 1.29
1088 203 1.00
1088 204 -0.93
1088 205 2.00
1088 206 -2.00
1088 207 2.00
1088 208 2.00
1088 209 -2.00
1088 210 2.00
1088 211 2.00
1088 212 -2.00
1088 213 -1.00
1088 214 -1.00
1088 215 1.20
1089 200 0.32
1089 201 2.22
1089 202 1.29
1089 203 1.00
1089 204 -0.93
1089 205 2.00
1089 206 -2.00
1089 207 1.00
1089 208 2.00
1089 209 0.00
1089 210 -1.00
1089 211 2.00
1089 212 -1.20
1089 213 0.00
1089 214 0.40
1089 215 0.90
1090 200 1.91
1090 201 0.31
1090 202 1.49
1090 203 0.85
1090 204 0.22
1090 205 2.00
1090 206 -1.00
1090 207 1.00
1090 208 2.00
1090 209 3.00
1090 210 -1.00
1090 211 1.00
1090 212 -1.50
1090 213 0.00
1090 214 0.50
1090 215 2.00
1091 200 1.91
1091 201 0.31
1091 202 1.49
1091 203 0.85
1091 204 0.22
1091 205 3.00
1091 206 0.00
1091 207 2.00
1091 208 3.00
1091 209 1.00
1091 210 2.00
1091 211 1.00
1091 212 0.50
1091 213 -1.00
1091 214 2.20
1091 215 2.00
1092 200 1.91
1092 201 0.31
1092 202 1.49
1092 203 0.85
1092 204 0.22
1092 205 3.00
1092 206 0.00
1092 207 2.00
1092 208 3.00
1092 209 1.00
1092 210 0.00
1092 211 1.00
1092 212 0.50
1092 213 0.00
1092 214 2.20
1092 215 1.90
1093 200 1.91
1093 201 0.31
1093 202 1.49
1093 203 0.85
1093 204 0.22
1093 205 3.00
1093 206 2.00
1093 207 2.00
1093 208 3.00
1093 209 2.00
1093 210 3.00
1093 211 0.00
1093 212 0.70
1093 213 -1.00
1093 214 1.80
1093 215 2.20
1094 200 1.91
1094 201 0.31
1094 202 1.49
1094 203 0.85
1094 204 0.22
1094 205 3.00
1094 206 -1.00
1094 207 2.00
1094 208 3.00
1094 209 1.00
1094 210 2.00
1094 211 2.00
1094 212 0.20
1094 213 1.00
1094 214 2.60
1094 215 2.90
1095 200 1.91
1095 201 0.31
1095 202 1.49
1095 203 0.85
1095 204 0.22
1095 205 3.00
1095 206 -2.00
1095 207 2.00
1095 208 3.00
1095 209 1.00
1095 210 0.00
1095 211 2.00
1095 212 0.50
1095 213 -1.00
1095 214 2.00
1095 215 2.50
1096 200 1.91
1096 201 0.31
1096 202 1.49
1096 203 0.85
1096 204 0.22
1096 205 3.00
1096 206 -1.00
1096 207 2.00
1096 208 3.00
1096 209 1.00
1096 210 2.00
1096 211 2.00
1096 212 1.00
1096 213 1.00
1096 214 2.30
1096 215 2.50
1097 200 1.91
1097 201 0.31
1097 202 1.49
1097 203 0.85
1097 204 0.22
1097 205 3.00
1097 206 0.00
1097 207 2.00
1097 208 3.00
1097 209 1.00
1097 210 2.00
1097 211 1.00
1097 212 0.80
1097 213 1.00
1097 214 2.20
1097 215 2.50
1098 200 1.91
1098 201 0.31
1098 202 1.49
1098 203 0.85
1098 204 0.22
1098 205 3.00
1098 206 3.00
1098 207 3.00
1098 208 1.00
1098 209 2.00
1098 210 3.00
1098 211 0.00
1098 212 0.30
1098 213 2.00
1098 214 0.60
1098 215 1.70
1099 200 1.91
1099 201 0.31
1099 202 1.49
1099 203 0.85
1099 204 0.22
1099 205 3.00
1099 206 1.00
1099 207 2.00
1099 208 3.00
1099 209 1.00
1099 210 2.00
1099 211 1.00
1099 212 0.80
1099 213 -1.00
1099 214 2.20
1099 215 2.50
1100 200 1.91
1100 201 0.31
1100 202 1.49
1100 203 0.85
1100 204 0.22
1100 205 2.00
1100 206 -1.00
1100 207 2.00
1100 208 2.00
1100 209 0.00
1100 210 0.00
1100 211 1.00
1100 212 1.00
1100 213 -2.00
1100 214 1.50
1100 215 2.00
1101 200 1.91
1101 201 0.31
1101 202 1.49
1101 203 0.85
1101 204 0.22
1101 205 2.00
1101 206 2.00
1101 207 2.00
1101 208 2.00
1101 209 1.00
1101 210 2.00
1101 211 1.00
1101 212 1.00
1101 213 -2.00
1101 214 1.60
1101 215 2.20
1102 200 1.91
1102 201 0.31
1102 202 1.49
1102 203 0.85
1102 204 0.22
1102 205 2.00
1102 206 1.00
1102 207 2.00
1102 208 2.00
1102 209 1.00
1102 210 1.00
1102 211 0.00
1102 212 1.00
1102 213 -1.00
1102 214 0.60
1102 215 2.00
1103 200 1.91
1103 201 0.31
1103 202 1.49
1103 203 0.85
1103 204 0.22
1103 205 2.00
1103 206 -1.00
1103 207 2.00
1103 208 2.00
1103 209 2.00
1103 210 3.00
1103 211 1.00
1103 212 0.40
1103 213 0.00
1103 214 1.00
1103 215 2.00
1104 200 1.91
1104 201 0.31
1104 202 1.49
1104 203 0.85
1104 204 0.22
1104 205 2.00
1104 206 0.00
1104 207 2.00
1104 208 3.00
1104 209 1.00
1104 210 -1.00
1104 211 0.00
1104 212 -0.50
1104 213 -2.00
1104 214 -0.30
1104 215 1.00
1105 200 1.91
1105 201 0.31
1105 202 1.49
1105 203 0.85
1105 204 0.22
1105 205 3.00
1105 206 -2.00
1105 207 2.00
1105 208 3.00
1105 209 -1.00
1105 210 2.00
1105 211 1.00
1105 212 0.80
1105 213 0.00
1105 214 1.80
1105 215 2.20
1106 200 1.91
1106 201 0.31
1106 202 1.49
1106 203 0.85
1106 204 0.22
1106 205 2.00
1106 206 2.00
1106 207 2.00
1106 208 2.00
1106 209 2.00
1106 210 3.00
1106 211 0.00
1106 212 1.40
1106 213 -1.00
1106 214 2.00
1106 215 2.50
1107 200 1.91
1107 201 0.31
1107 202 1.49
1107 203 0.85
1107 204 0.22
1107 205 2.00
1107 206 0.00
1107 207 1.00
1107 208 3.00
1107 209 2.00
1107 210 2.00
1107 211 1.00
1107 212 1.20
1107 213 0.00
1107 214 1.80
1107 215 2.20
1108 200 1.91
1108 201 0.31
1108 202 1.49
1108 203 0.85
1108 204 0.22
1108 205 2.00
1108 206 -1.00
1108 207 2.00
1108 208 2.00
1108 209 0.00
1108 210 2.00
1108 211 1.00
1108 212 -1.50
1108 213 -1.00
1108 214 0.80
1108 215 1.70
1109 200 1.91
1109 201 0.31
1109 202 1.49
1109 203 0.85
1109 204 0.22
1109 205 2.00
1109 206 -1.00
1109 207 2.00
1109 208 2.00
1109 209 1.00
1109 210 3.00
1109 211 2.00
1109 212 0.80
1109 213 -1.00
1109 214 0.20
1109 215 1.70
1110 200 1.91
1110 201 0.31
1110 202 1.49
1110 203 0.85
1110 204 0.22
1110 205 3.00
1110 206 2.00
1110 207 1.00
1110 208 3.00
1110 209 2.00
1110 210 1.00
1110 211 2.00
1110 212 0.80
1110 213 -1.00
1110 214 2.20
1110 215 2.60
1111 200 1.91
1111 201 0.31
1111 202 1.49
1111 203 0.85
1111 204 0.22
1111 205 3.00
1111 206 1.00
1111 207 -1.00
1111 208 3.00
1111 209 2.00
1111 210 1.00
1111 211 0.00
1111 212 -1.00
1111 213 -1.00
1111 214 1.50
1111 215 2.50
1112 200 1.91
1112 201 0.31
1112 202 1.49
1112 203 0.85
1112 204 0.22
1112 205 3.00
1112 206 -2.00
1112 207 2.00
1112 208 3.00
1112 209 -1.00
1112 210 0.00
1112 211 1.00
1112 212 1.20
1112 213 1.00
1112 214 0.50
1112 215 1.50
1113 200 1.91
1113 201 0.31
1113 202 1.49
1113 203 0.85
1113 204 0.22
1113 205 3.00
1113 206 -1.00
1113 207 2.00
1113 208 3.00
1113 209 2.00
1113 210 -1.00
1113 211 1.00
1113 212 -0.80
1113 213 -3.00
1113 214 1.20
1113 215 2.00
1114 200 1.91
1114 201 0.31
1114 202 1.49
1114 203 0.85
1114 204 0.22
1114 205 2.00
1114 206 -2.00
1114 207 1.00
1114 208 1.00
1114 209 2.00
1114 210 -1.00
1114 211 1.00
1114 212 -1.50
1114 213 1.00
1114 214 0.50
1114 215 2.00
1115 200 1.91
1115 201 0.31
1115 202 1.49
1115 203 0.85
1115 204 0.22
1115 205 3.00
1115 206 -2.00
1115 207 1.00
1115 208 3.00
1115 209 2.00
1115 210 2.00
1115 211 2.00
1115 212 1.20
1115 213 0.00
1115 214 2.10
1115 215 2.30
1116 200 0.63
1116 201 1.48
1116 202 0.17
1116 203 1.38
1116 204 -1.22
1116 205 2.00
1116 206 -2.00
1116 207 2.00
1116 208 2.00
1116 209 -1.00
1116 210 -1.00
1116 211 1.00
1116 212 0.50
1116 213 0.00
1116 214 0.80
1116 215 1.50
1117 200 1.91
1117 201 0.31
1117 202 1.49
1117 203 0.85
1117 204 0.22
1117 205 3.00
1117 206 -1.00
1117 207 1.00
1117 208 3.00
1117 209 3.00
1117 210 2.00
1117 211 0.00
1117 212 1.20
1117 213 0.00
1117 214 1.50
1117 215 2.20
1118 200 1.91
1118 201 0.31
1118 202 1.49
1118 203 0.85
1118 204 0.22
1118 205 2.00
1118 206 -1.00
1118 207 1.00
1118 208 2.00
1118 209 1.00
1118 210 0.00
1118 211 -1.00
1118 212 -0.50
1118 213 -1.00
1118 214 0.50
1118 215 1.50
1119 200 1.91
1119 201 0.31
1119 202 1.49
1119 203 0.85
1119 204 0.22
1119 205 2.00
1119 206 -1.00
1119 207 2.00
1119 208 2.00
1119 209 1.00
1119 210 -1.00
1119 211 0.00
1119 212 1.00
1119 213 -1.00
1119 214 -0.50
1119 215 2.00
1120 200 0.63
1120 201 1.48
1120 202 0.17
1120 203 1.38
1120 204 -1.22
1120 205 3.00
1120 206 -1.00
1120 207 1.00
1120 208 3.00
1120 209 3.00
1120 210 -1.00
1120 211 -1.00
1120 212 0.80
1120 213 0.00
1120 214 1.80
1120 215 2.20
1121 200 1.91
1121 201 0.31
1121 202 1.49
1121 203 0.85
1121 204 0.22
1121 205 3.00
1121 206 -2.00
1121 207 1.00
1121 208 3.00
1121 209 2.00
1121 210 0.00
1121 211 2.00
1121 212 0.80
1121 213 -1.00
1121 214 2.20
1121 215 2.50
1122 200 2.51
1122 201 0.20
1122 202 1.05
1122 203 1.71
1122 204 -0.46
1122 205 3.00
1122 206 1.00
1122 207 1.00
1122 208 3.00
1122 209 2.00
1122 210 1.00
1122 211 0.00
1122 212 0.80
1122 213 -1.00
1122 214 0.60
1122 215 2.20
1123 200 1.91
1123 201 0.31
1123 202 1.49
1123 203 0.85
1123 204 0.22
1123 205 2.00
1123 206 1.00
1123 207 2.00
1123 208 3.00
1123 209 2.00
1123 210 2.00
1123 211 1.00
1123 212 1.40
1123 213 -1.00
1123 214 1.20
1123 215 2.00
1124 200 0.63
1124 201 1.48
1124 202 0.17
1124 203 1.38
1124 204 -1.22
1124 205 2.00
1124 206 -2.00
1124 207 2.00
1124 208 2.00
1124 209 1.00
1124 210 0.00
1124 211 1.00
1124 212 0.50
1124 213 -2.00
1124 214 0.80
1124 215 2.10
1125 200 1.91
1125 201 0.31
1125 202 1.49
1125 203 0.85
1125 204 0.22
1125 205 3.00
1125 206 2.00
1125 207 1.00
1125 208 3.00
1125 209 2.00
1125 210 2.00
1125 211 1.00
1125 212 0.00
1125 213 0.00
1125 214 2.20
1125 215 2.50
1126 200 0.63
1126 201 1.48
1126 202 0.17
1126 203 1.38
1126 204 -1.22
1126 205 2.00
1126 206 -2.00
1126 207 3.00
1126 208 2.00
1126 209 -1.00
1126 210 -2.00
1126 211 2.00
1126 212 -1.00
1126 213 -1.00
1126 214 0.50
1126 215 2.00
1127 200 1.91
1127 201 0.31
1127 202 1.49
1127 203 0.85
1127 204 0.22
1127 205 2.00
1127 206 -2.00
1127 207 2.00
1127 208 3.00
1127 209 0.00
1127 210 1.00
1127 211 2.00
1127 212 0.60
1127 213 0.00
1127 214 1.00
1127 215 2.00
1128 200 0.63
1128 201 1.48
1128 202 0.17
1128 203 1.38
1128 204 -1.22
1128 205 3.00
1128 206 -2.00
1128 207 2.00
1128 208 3.00
1128 209 0.00
1128 210 2.00
1128 211 2.00
1128 212 0.50
1128 213 -1.00
1128 214 1.50
1128 215 2.00
1129 200 1.91
1129 201 0.31
1129 202 1.49
1129 203 0.85
1129 204 0.22
1129 205 3.00
1129 206 -2.00
1129 207 2.00
1129 208 3.00
1129 209 2.00
1129 210 1.00
1129 211 0.00
1129 212 -0.50
1129 213 0.00
1129 214 1.20
1129 215 2.00
1130 200 0.63
1130 201 1.48
1130 202 0.17
1130 203 1.38
1130 204 -1.22
1130 205 2.00
1130 206 -2.00
1130 207 1.00
1130 208 2.00
1130 209 2.00
1130 210 -1.00
1130 211 1.00
1130 212 0.00
1130 213 -2.00
1130 214 1.40
1130 215 2.00
1131 200 1.91
1131 201 0.31
1131 202 1.49
1131 203 0.85
1131 204 0.22
1131 205 3.00
1131 206 -1.00
1131 207 1.00
1131 208 2.00
1131 209 2.00
1131 210 -1.00
1131 211 1.00
1131 212 -0.50
1131 213 0.00
1131 214 0.80
1131 215 1.20
1132 200 0.63
1132 201 1.48
1132 202 0.17
1132 203 1.38
1132 204 -1.22
1132 205 2.00
1132 206 -2.00
1132 207 0.00
1132 208 2.00
1132 209 1.00
1132 210 -1.00
1132 211 0.00
1132 212 -0.50
1132 213 -1.00
1132 214 1.20
1132 215 2.00
1133 200 0.83
1133 201 0.44
1133 202 0.96
1133 203 0.89
1133 204 -0.44
1133 205 2.00
1133 206 0.00
1133 207 1.00
1133 208 2.00
1133 209 1.00
1133 210 1.00
1133 211 -1.00
1133 212 -0.50
1133 213 0.00
1133 214 0.30
1133 215 1.50
1134 200 0.40
1134 201 1.19
1134 202 0.43
1134 203 0.58
1134 204 -0.77
1134 205 -2.00
1134 206 3.00
1134 207 0.00
1134 208 -2.00
1134 209 3.00
1134 210 -1.00
1134 211 -2.00
1134 212 -0.80
1134 213 1.00
1134 214 -0.50
1134 215 0.60
1135 200 0.83
1135 201 0.44
1135 202 0.96
1135 203 0.89
1135 204 -0.44
1135 205 1.00
1135 206 2.00
1135 207 0.00
1135 208 1.00
1135 209 2.00
1135 210 2.00
1135 211 1.00
1135 212 -1.50
1135 213 -1.00
1135 214 0.50
1135 215 1.20
1136 200 0.83
1136 201 0.44
1136 202 0.96
1136 203 0.89
1136 204 -0.44
1136 205 2.00
1136 206 1.00
1136 207 2.00
1136 208 0.00
1136 209 3.00
1136 210 2.00
1136 211 0.00
1136 212 0.70
1136 213 0.00
1136 214 0.40
1136 215 1.20
1137 200 0.83
1137 201 0.44
1137 202 0.96
1137 203 0.89
1137 204 -0.44
1137 205 2.00
1137 206 0.00
1137 207 1.00
1137 208 1.00
1137 209 3.00
1137 210 1.00
1137 211 0.00
1137 212 1.20
1137 213 0.00
1137 214 0.60
1137 215 2.10
1138 200 0.83
1138 201 0.44
1138 202 0.96
1138 203 0.89
1138 204 -0.44
1138 205 1.00
1138 206 2.00
1138 207 2.00
1138 208 -1.00
1138 209 1.00
1138 210 3.00
1138 211 0.00
1138 212 1.20
1138 213 -2.00
1138 214 0.30
1138 215 1.80
1139 200 0.83
1139 201 0.44
1139 202 0.96
1139 203 0.89
1139 204 -0.44
1139 205 1.00
1139 206 2.00
1139 207 1.00
1139 208 -1.00
1139 209 2.00
1139 210 2.00
1139 211 0.00
1139 212 0.50
1139 213 0.00
1139 214 0.30
1139 215 1.50
1140 200 0.83
1140 201 0.44
1140 202 0.96
1140 203 0.89
1140 204 -0.44
1140 205 2.00
1140 206 2.00
1140 207 1.00
1140 208 2.00
1140 209 3.00
1140 210 2.00
1140 211 0.00
1140 212 0.20
1140 213 0.00
1140 214 0.30
1140 215 1.90
1141 200 0.40
1141 201 1.19
1141 202 0.43
1141 203 0.58
1141 204 -0.77
1141 205 0.00
1141 206 1.00
1141 207 -1.00
1141 208 2.00
1141 209 3.00
1141 210 1.00
1141 211 -1.00
1141 212 -0.50
1141 213 1.00
1141 214 1.20
1141 215 1.00
1142 200 0.83
1142 201 0.44
1142 202 0.96
1142 203 0.89
1142 204 -0.44
1142 205 1.00
1142 206 2.00
1142 207 2.00
1142 208 1.00
1142 209 2.00
1142 210 2.00
1142 211 1.00
1142 212 0.70
1142 213 1.00
1142 214 0.40
1142 215 1.20
1143 200 0.83
1143 201 0.44
1143 202 0.96
1143 203 0.89
1143 204 -0.44
1143 205 2.00
1143 206 -1.00
1143 207 1.00
1143 208 2.00
1143 209 3.00
1143 210 2.00
1143 211 0.00
1143 212 0.50
1143 213 0.00
1143 214 2.00
1143 215 2.50
1144 200 0.83
1144 201 0.44
1144 202 0.96
1144 203 0.89
1144 204 -0.44
1144 205 2.00
1144 206 0.00
1144 207 -1.00
1144 208 1.00
1144 209 2.00
1144 210 2.00
1144 211 1.00
1144 212 -1.00
1144 213 1.00
1144 214 -1.00
1144 215 1.50
1145 200 0.83
1145 201 0.44
1145 202 0.96
1145 203 0.89
1145 204 -0.44
1145 205 0.00
1145 206 2.00
1145 207 0.00
1145 208 -1.00
1145 209 3.00
1145 210 2.00
1145 211 -2.00
1145 212 -1.00
1145 213 0.00
1145 214 0.50
1145 215 1.00
1146 200 0.83
1146 201 0.44
1146 202 0.96
1146 203 0.89
1146 204 -0.44
1146 205 2.00
1146 206 0.00
1146 207 2.00
1146 208 2.00
1146 209 2.00
1146 210 2.00
1146 211 0.00
1146 212 0.50
1146 213 1.00
1146 214 0.80
1146 215 1.70
1147 200 0.83
1147 201 0.44
1147 202 0.96
1147 203 0.89
1147 204 -0.44
1147 205 0.00
1147 206 0.00
1147 207 1.00
1147 208 0.00
1147 209 3.00
1147 210 2.00
1147 211 0.00
1147 212 -0.80
1147 213 0.00
1147 214 0.50
1147 215 0.80
1148 200 0.83
1148 201 0.44
1148 202 0.96
1148 203 0.89
1148 204 -0.44
1148 205 -2.00
1148 206 2.00
1148 207 1.00
1148 208 -1.00
1148 209 3.00
1148 210 0.00
1148 211 -2.00
1148 212 -1.00
1148 213 1.00
1148 214 -1.50
1148 215 -1.00
1149 200 0.40
1149 201 1.19
1149 202 0.43
1149 203 0.58
1149 204 -0.77
1149 205 1.00
1149 206 2.00
1149 207 0.00
1149 208 1.00
1149 209 3.00
1149 210 1.00
1149 211 -2.00
1149 212 -1.50
1149 213 -1.00
1149 214 0.60
1149 215 0.90
1150 200 0.83
1150 201 0.44
1150 202 0.96
1150 203 0.89
1150 204 -0.44
1150 205 -1.00
1150 206 0.00
1150 207 1.00
1150 208 1.00
1150 209 1.00
1150 210 2.00
1150 211 1.00
1150 212 0.50
1150 213 1.00
1150 214 0.30
1150 215 0.80
1151 200 0.83
1151 201 0.44
1151 202 0.96
1151 203 0.89
1151 204 -0.44
1151 205 2.00
1151 206 0.00
1151 207 1.00
1151 208 0.00
1151 209 3.00
1151 210 1.00
1151 211 -1.00
1151 212 -0.50
1151 213 -1.00
1151 214 0.50
1151 215 1.00
1152 200 0.63
1152 201 1.48
1152 202 0.17
1152 203 1.38
1152 204 -1.22
1152 205 2.00
1152 206 -1.00
1152 207 3.00
1152 208 2.00
1152 209 -1.00
1152 210 -1.00
1152 211 2.00
1152 212 0.30
1152 213 0.00
1152 214 0.70
1152 215 1.90
1153 200 0.63
1153 201 1.48
1153 202 0.17
1153 203 1.38
1153 204 -1.22
1153 205 2.00
1153 206 3.00
1153 207 2.00
1153 208 2.00
1153 209 3.00
1153 210 1.00
1153 211 2.00
1153 212 0.80
1153 213 1.00
1153 214 1.20
1153 215 2.00
1154 200 0.63
1154 201 1.48
1154 202 0.17
1154 203 1.38
1154 204 -1.22
1154 205 0.00
1154 206 3.00
1154 207 0.00
1154 208 -2.00
1154 209 3.00
1154 210 2.00
1154 211 -2.00
1154 212 0.50
1154 213 -1.00
1154 214 0.80
1154 215 2.00
1155 200 0.83
1155 201 0.44
1155 202 0.96
1155 203 0.89
1155 204 -0.44
1155 205 -1.00
1155 206 3.00
1155 207 0.00
1155 208 -2.00
1155 209 3.00
1155 210 -1.00
1155 211 -2.00
1155 212 -1.00
1155 213 1.00
1155 214 0.20
1155 215 1.20
1156 200 0.32
1156 201 2.22
1156 202 1.29
1156 203 1.00
1156 204 -0.93
1156 205 -1.00
1156 206 3.00
1156 207 1.00
1156 208 -2.00
1156 209 3.00
1156 210 -2.00
1156 211 -1.00
1156 212 0.80
1156 213 0.00
1156 214 0.30
1156 215 1.20
1157 200 1.91
1157 201 0.31
1157 202 1.49
1157 203 0.85
1157 204 0.22
1157 205 2.00
1157 206 2.00
1157 207 1.00
1157 208 2.00
1157 209 2.00
1157 210 1.00
1157 211 -1.00
1157 212 0.50
1157 213 1.00
1157 214 0.20
1157 215 2.00
1158 200 0.84
1158 201 -0.07
1158 202 1.16
1158 203 0.23
1158 204 -0.19
1158 205 2.00
1158 206 0.00
1158 207 2.00
1158 208 1.00
1158 209 0.00
1158 210 2.00
1158 211 1.00
1158 212 0.50
1158 213 1.00
1158 214 1.00
1158 215 2.00
1159 200 0.63
1159 201 1.48
1159 202 0.17
1159 203 1.38
1159 204 -1.22
1159 205 2.00
1159 206 0.00
1159 207 1.00
1159 208 2.00
1159 209 3.00
1159 210 2.00
1159 211 1.00
1159 212 0.80
1159 213 -2.00
1159 214 1.20
1159 215 2.10
1160 200 0.63
1160 201 1.48
1160 202 0.17
1160 203 1.38
1160 204 -1.22
1160 205 1.00
1160 206 2.00
1160 207 -1.00
1160 208 0.00
1160 209 3.00
1160 210 2.00
1160 211 0.00
1160 212 0.20
1160 213 1.00
1160 214 0.10
1160 215 2.20
1161 200 0.83
1161 201 0.44
1161 202 0.96
1161 203 0.89
1161 204 -0.44
1161 205 -1.00
1161 206 3.00
1161 207 0.00
1161 208 -2.00
1161 209 3.00
1161 210 -1.00
1161 211 -1.00
1161 212 -2.00
1161 213 1.00
1161 214 0.80
1161 215 1.50
1162 200 0.63
1162 201 1.48
1162 202 0.17
1162 203 1.38
1162 204 -1.22
1162 205 2.00
1162 206 3.00
1162 207 1.00
1162 208 1.00
1162 209 3.00
1162 210 -1.00
1162 211 -2.00
1162 212 0.50
1162 213 1.00
1162 214 0.60
1162 215 2.00
1163 200 -0.14
1163 201 1.98
1163 202 -0.78
1163 203 1.51
1163 204 -1.63
1163 205 2.00
1163 206 2.00
1163 207 1.00
1163 208 2.00
1163 209 2.00
1163 210 3.00
1163 211 2.00
1163 212 1.20
1163 213 1.00
1163 214 0.40
1163 215 2.30
1164 200 1.69
1164 201 1.38
1164 202 1.13
1164 203 1.87
1164 204 -0.98
1164 205 2.00
1164 206 2.00
1164 207 0.00
1164 208 -1.00
1164 209 3.00
1164 210 2.00
1164 211 -1.00
1164 212 1.00
1164 213 1.00
1164 214 1.20
1164 215 2.30
1165 200 1.69
1165 201 1.38
1165 202 1.13
1165 203 1.87
1165 204 -0.98
1165 205 2.00
1165 206 1.00
1165 207 0.00
1165 208 2.00
1165 209 3.00
1165 210 3.00
1165 211 2.00
1165 212 -0.50
1165 213 1.00
1165 214 0.30
1165 215 1.80
1166 200 1.69
1166 201 1.38
1166 202 1.13
1166 203 1.87
1166 204 -0.98
1166 205 3.00
1166 206 2.00
1166 207 1.00
1166 208 1.00
1166 209 2.00
1166 210 2.00
1166 211 -1.00
1166 212 1.00
1166 213 0.00
1166 214 0.60
1166 215 2.00
1167 200 1.69
1167 201 1.38
1167 202 1.13
1167 203 1.87
1167 204 -0.98
1167 205 2.00
1167 206 2.00
1167 207 -1.00
1167 208 1.00
1167 209 3.00
1167 210 3.00
1167 211 -2.00
1167 212 0.00
1167 213 1.00
1167 214 0.50
1167 215 2.20
1168 200 1.69
1168 201 1.38
1168 202 1.13
1168 203 1.87
1168 204 -0.98
1168 205 3.00
1168 206 2.00
1168 207 0.00
1168 208 1.00
1168 209 2.00
1168 210 1.00
1168 211 -2.00
1168 212 1.00
1168 213 1.00
1168 214 0.50
1168 215 2.00
1169 200 1.69
1169 201 1.38
1169 202 1.13
1169 203 1.87
1169 204 -0.98
1169 205 3.00
1169 206 2.00
1169 207 1.00
1169 208 2.00
1169 209 3.00
1169 210 2.00
1169 211 0.00
1169 212 0.40
1169 213 1.00
1169 214 0.60
1169 215 1.80
1170 200 0.59
1170 201 1.75
1170 202 -0.73
1170 203 1.94
1170 204 -1.59
1170 205 2.00
1170 206 2.00
1170 207 1.00
1170 208 2.00
1170 209 2.00
1170 210 1.00
1170 211 0.00
1170 212 -0.50
1170 213 0.00
1170 214 0.50
1170 215 2.00
1171 200 1.69
1171 201 1.38
1171 202 1.13
1171 203 1.87
1171 204 -0.98
1171 205 3.00
1171 206 2.00
1171 207 0.00
1171 208 2.00
1171 209 3.00
1171 210 2.00
1171 211 0.00
1171 212 1.20
1171 213 1.00
1171 214 0.60
1171 215 2.20
1172 200 0.59
1172 201 1.75
1172 202 -0.73
1172 203 1.94
1172 204 -1.59
1172 205 -1.00
1172 206 3.00
1172 207 1.00
1172 208 -2.00
1172 209 2.00
1172 210 -1.00
1172 211 -2.00
1172 212 0.50
1172 213 0.00
1172 214 0.20
1172 215 2.20
1173 200 1.69
1173 201 1.38
1173 202 1.13
1173 203 1.87
1173 204 -0.98
1173 205 3.00
1173 206 1.00
1173 207 3.00
1173 208 3.00
1173 209 2.00
1173 210 2.00
1173 211 1.00
1173 212 0.60
1173 213 1.00
1173 214 1.20
1173 215 2.10
1174 200 1.69
1174 201 1.38
1174 202 1.13
1174 203 1.87
1174 204 -0.98
1174 205 3.00
1174 206 2.00
1174 207 -1.00
1174 208 1.00
1174 209 3.00
1174 210 2.00
1174 211 -2.00
1174 212 0.50
1174 213 1.00
1174 214 0.80
1174 215 2.20
1175 200 1.69
1175 201 1.38
1175 202 1.13
1175 203 1.87
1175 204 -0.98
1175 205 1.00
1175 206 2.00
1175 207 -1.00
1175 208 0.00
1175 209 2.00
1175 210 3.00
1175 211 0.00
1175 212 -0.80
1175 213 2.00
1175 214 0.30
1175 215 1.80
1176 200 1.69
1176 201 1.38
1176 202 1.13
1176 203 1.87
1176 204 -0.98
1176 205 2.00
1176 206 2.00
1176 207 1.00
1176 208 -1.00
1176 209 3.00
1176 210 0.00
1176 211 0.00
1176 212 -0.50
1176 213 3.00
1176 214 0.20
1176 215 1.80
1177 200 1.69
1177 201 1.38
1177 202 1.13
1177 203 1.87
1177 204 -0.98
1177 205 2.00
1177 206 3.00
1177 207 0.00
1177 208 -1.00
1177 209 2.00
1177 210 -1.00
1177 211 -2.00
1177 212 0.00
1177 213 2.00
1177 214 -1.00
1177 215 1.50
1178 200 1.69
1178 201 1.38
1178 202 1.13
1178 203 1.87
1178 204 -0.98
1178 205 2.00
1178 206 3.00
1178 207 -1.00
1178 208 1.00
1178 209 2.00
1178 210 -1.00
1178 211 -2.00
1178 212 0.50
1178 213 3.00
1178 214 0.20
1178 215 2.00
1179 200 1.69
1179 201 1.38
1179 202 1.13
1179 203 1.87
1179 204 -0.98
1179 205 2.00
1179 206 2.00
1179 207 0.00
1179 208 0.00
1179 209 2.00
1179 210 2.00
1179 211 0.00
1179 212 -2.00
1179 213 3.00
1179 214 -0.50
1179 215 2.20
1180 200 2.22
1180 201 1.37
1180 202 1.20
1180 203 0.98
1180 204 -0.54
1180 205 0.00
1180 206 3.00
1180 207 2.00
1180 208 -2.00
1180 209 1.00
1180 210 3.00
1180 211 1.00
1180 212 1.00
1180 213 2.00
1180 214 -1.20
1180 215 2.30
1181 200 1.69
1181 201 1.38
1181 202 1.13
1181 203 1.87
1181 204 -0.98
1181 205 3.00
1181 206 2.00
1181 207 2.00
1181 208 2.00
1181 209 2.00
1181 210 -1.00
1181 211 -1.00
1181 212 0.50
1181 213 3.00
1181 214 1.00
1181 215 2.00
1182 200 2.22
1182 201 1.37
1182 202 1.20
1182 203 0.98
1182 204 -0.54
1182 205 -1.00
1182 206 3.00
1182 207 1.00
1182 208 -2.00
1182 209 2.00
1182 210 3.00
1182 211 -1.00
1182 212 1.20
1182 213 2.00
1182 214 0.30
1182 215 2.00
1183 200 1.69
1183 201 1.38
1183 202 1.13
1183 203 1.87
1183 204 -0.98
1183 205 3.00
1183 206 2.00
1183 207 -1.00
1183 208 1.00
1183 209 2.00
1183 210 3.00
1183 211 -1.00
1183 212 0.80
1183 213 -1.00
1183 214 0.50
1183 215 1.80
1184 200 0.84
1184 201 -0.07
1184 202 1.16
1184 203 0.23
1184 204 -0.19
1184 205 1.00
1184 206 -2.00
1184 207 1.00
1184 208 2.00
1184 209 2.00
1184 210 2.00
1184 211 1.00
1184 212 0.00
1184 213 2.00
1184 214 0.50
1184 215 1.00
1185 200 0.84
1185 201 -0.07
1185 202 1.16
1185 203 0.23
1185 204 -0.19
1185 205 -1.00
1185 206 -2.00
1185 207 1.00
1185 208 -2.00
1185 209 2.00
1185 210 2.00
1185 211 1.00
1185 212 0.00
1185 213 1.00
1185 214 -1.50
1185 215 1.50
1186 200 0.84
1186 201 -0.07
1186 202 1.16
1186 203 0.23
1186 204 -0.19
1186 205 0.00
1186 206 -1.00
1186 207 3.00
1186 208 2.00
1186 209 1.00
1186 210 2.00
1186 211 2.00
1186 212 -0.80
1186 213 -2.00
1186 214 -1.80
1186 215 0.60
1187 200 0.84
1187 201 -0.07
1187 202 1.16
1187 203 0.23
1187 204 -0.19
1187 205 -2.00
1187 206 -1.00
1187 207 2.00
1187 208 -2.00
1187 209 2.00
1187 210 3.00
1187 211 1.00
1187 212 -1.00
1187 213 1.00
1187 214 -2.00
1187 215 1.00
1188 200 0.84
1188 201 -0.07
1188 202 1.16
1188 203 0.23
1188 204 -0.19
1188 205 -1.00
1188 206 -2.00
1188 207 2.00
1188 208 -2.00
1188 209 -1.00
1188 210 2.00
1188 211 1.00
1188 212 0.00
1188 213 -2.00
1188 214 -1.00
1188 215 1.50
1189 200 0.84
1189 201 -0.07
1189 202 1.16
1189 203 0.23
1189 204 -0.19
1189 205 1.00
1189 206 -2.00
1189 207 3.00
1189 208 2.00
1189 209 2.00
1189 210 3.00
1189 211 1.00
1189 212 -0.50
1189 213 -1.00
1189 214 -0.50
1189 215 1.00
1190 200 0.84
1190 201 -0.07
1190 202 1.16
1190 203 0.23
1190 204 -0.19
1190 205 0.00
1190 206 -1.00
1190 207 3.00
1190 208 -2.00
1190 209 -1.00
1190 210 2.00
1190 211 1.00
1190 212 0.50
1190 213 -1.00
1190 214 -0.50
1190 215 1.00
1191 200 0.84
1191 201 -0.07
1191 202 1.16
1191 203 0.23
1191 204 -0.19
1191 205 -2.00
1191 206 -1.00
1191 207 2.00
1191 208 -2.00
1191 209 1.00
1191 210 2.00
1191 211 1.00
1191 212 0.80
1191 213 2.00
1191 214 -0.40
1191 215 1.40
1192 200 0.84
1192 201 -0.07
1192 202 1.16
1192 203 0.23
1192 204 -0.19
1192 205 -1.00
1192 206 -2.00
1192 207 2.00
1192 208 -2.00
1192 209 1.00
1192 210 2.00
1192 211 1.00
1192 212 1.00
1192 213 -1.00
1192 214 -0.50
1192 215 1.20
1193 200 0.84
1193 201 -0.07
1193 202 1.16
1193 203 0.23
1193 204 -0.19
1193 205 -1.00
1193 206 -1.00
1193 207 2.00
1193 208 -2.00
1193 209 2.00
1193 210 2.00
1193 211 1.00
1193 212 0.80
1193 213 1.00
1193 214 0.20
1193 215 1.20
1194 200 0.84
1194 201 -0.07
1194 202 1.16
1194 203 0.23
1194 204 -0.19
1194 205 0.00
1194 206 -1.00
1194 207 1.00
1194 208 -2.00
1194 209 1.00
1194 210 2.00
1194 211 1.00
1194 212 1.20
1194 213 -1.00
1194 214 -0.30
1194 215 1.80
1195 200 0.84
1195 201 -0.07
1195 202 1.16
1195 203 0.23
1195 204 -0.19
1195 205 -2.00
1195 206 -1.00
1195 207 1.00
1195 208 -2.00
1195 209 0.00
1195 210 2.00
1195 211 1.00
1195 212 0.50
1195 213 -3.00
1195 214 -1.50
1195 215 0.80
1196 200 0.84
1196 201 -0.07
1196 202 1.16
1196 203 0.23
1196 204 -0.19
1196 205 2.00
1196 206 -1.00
1196 207 2.00
1196 208 2.00
1196 209 -1.00
1196 210 3.00
1196 211 2.00
1196 212 1.20
1196 213 -1.00
1196 214 0.80
1196 215 2.00
1197 200 0.84
1197 201 -0.07
1197 202 1.16
1197 203 0.23
1197 204 -0.19
1197 205 2.00
1197 206 0.00
1197 207 1.00
1197 208 2.00
1197 209 0.00
1197 210 2.00
1197 211 0.00
1197 212 0.50
1197 213 -1.00
1197 214 -0.30
1197 215 1.20
1198 200 0.84
1198 201 -0.07
1198 202 1.16
1198 203 0.23
1198 204 -0.19
1198 205 -2.00
1198 206 -1.00
1198 207 2.00
1198 208 -2.00
1198 209 1.00
1198 210 3.00
1198 211 2.00
1198 212 0.00
1198 213 1.00
1198 214 -1.20
1198 215 1.20
1199 200 0.84
1199 201 -0.07
1199 202 1.16
1199 203 0.23
1199 204 -0.19
1199 205 -2.00
1199 206 -1.00
1199 207 1.00
1199 208 -2.00
1199 209 1.00
1199 210 2.00
1199 211 1.00
1199 212 0.50
1199 213 -2.00
1199 214 -0.30
1199 215 0.50
1200 200 0.84
1200 201 -0.07
1200 202 1.16
1200 203 0.23
1200 204 -0.19
1200 205 -2.00
1200 206 3.00
1200 207 1.00
1200 208 -2.00
1200 209 2.00
1200 210 2.00
1200 211 1.00
1200 212 0.30
1200 213 1.00
1200 214 0.10
1200 215 0.80
1201 200 0.84
1201 201 -0.07
1201 202 1.16
1201 203 0.23
1201 204 -0.19
1201 205 -2.00
1201 206 -2.00
1201 207 1.00
1201 208 -2.00
1201 209 2.00
1201 210 2.00
1201 211 1.00
1201 212 1.00
1201 213 -2.00
1201 214 0.00
1201 215 1.00
1202 200 0.84
1202 201 -0.07
1202 202 1.16
1202 203 0.23
1202 204 -0.19
1202 205 0.00
1202 206 -1.00
1202 207 2.00
1202 208 -2.00
1202 209 1.00
1202 210 2.00
1202 211 1.00
1202 212 0.00
1202 213 -2.00
1202 214 -1.50
1202 215 2.00
1203 200 0.84
1203 201 -0.07
1203 202 1.16
1203 203 0.23
1203 204 -0.19
1203 205 -1.00
1203 206 -2.00
1203 207 2.00
1203 208 -2.00
1203 209 -1.00
1203 210 2.00
1203 211 1.00
1203 212 -1.00
1203 213 -2.00
1203 214 -2.00
1203 215 1.00
1204 200 -0.69
1204 201 1.27
1204 202 0.51
1204 203 0.58
1204 204 -0.73
1204 205 3.00
1204 206 1.00
1204 207 0.00
1204 208 3.00
1204 209 2.00
1204 210 2.00
1204 211 1.00
1204 212 1.50
1204 213 -2.00
1204 214 2.20
1204 215 2.00
1205 200 -0.69
1205 201 1.27
1205 202 0.51
1205 203 0.58
1205 204 -0.73
1205 205 2.00
1205 206 -2.00
1205 207 2.00
1205 208 2.00
1205 209 0.00
1205 210 1.00
1205 211 0.00
1205 212 1.00
1205 213 -1.00
1205 214 0.80
1205 215 2.00
1206 200 -0.69
1206 201 1.27
1206 202 0.51
1206 203 0.58
1206 204 -0.73
1206 205 3.00
1206 206 0.00
1206 207 1.00
1206 208 3.00
1206 209 2.00
1206 210 2.00
1206 211 0.00
1206 212 1.50
1206 213 3.00
1206 214 2.00
1206 215 2.50
1207 200 0.63
1207 201 1.48
1207 202 0.17
1207 203 1.38
1207 204 -1.22
1207 205 2.00
1207 206 1.00
1207 207 1.00
1207 208 2.00
1207 209 2.00
1207 210 0.00
1207 211 1.00
1207 212 -0.70
1207 213 3.00
1207 214 0.80
1207 215 1.50
1208 200 -0.69
1208 201 1.27
1208 202 0.51
1208 203 0.58
1208 204 -0.73
1208 205 3.00
1208 206 -2.00
1208 207 -2.00
1208 208 3.00
1208 209 2.00
1208 210 2.00
1208 211 1.00
1208 212 1.30
1208 213 3.00
1208 214 2.30
1208 215 2.00
1209 200 -0.69
1209 201 1.27
1209 202 0.51
1209 203 0.58
1209 204 -0.73
1209 205 3.00
1209 206 -2.00
1209 207 -2.00
1209 208 3.00
1209 209 1.00
1209 210 2.00
1209 211 0.00
1209 212 1.30
1209 213 3.00
1209 214 2.00
1209 215 2.20
1210 200 -0.69
1210 201 1.27
1210 202 0.51
1210 203 0.58
1210 204 -0.73
1210 205 3.00
1210 206 -3.00
1210 207 0.00
1210 208 3.00
1210 209 2.00
1210 210 2.00
1210 211 -2.00
1210 212 1.00
1210 213 3.00
1210 214 1.50
1210 215 2.50
1211 200 -0.69
1211 201 1.27
1211 202 0.51
1211 203 0.58
1211 204 -0.73
1211 205 3.00
1211 206 -3.00
1211 207 -2.00
1211 208 3.00
1211 209 2.00
1211 210 2.00
1211 211 1.00
1211 212 2.00
1211 213 3.00
1211 214 2.40
1211 215 2.50
1212 200 -0.69
1212 201 1.27
1212 202 0.51
1212 203 0.58
1212 204 -0.73
1212 205 3.00
1212 206 -2.00
1212 207 2.00
1212 208 3.00
1212 209 -1.00
1212 210 2.00
1212 211 2.00
1212 212 1.80
1212 213 3.00
1212 214 2.20
1212 215 2.00
1213 200 -0.69
1213 201 1.27
1213 202 0.51
1213 203 0.58
1213 204 -0.73
1213 205 3.00
1213 206 -1.00
1213 207 -1.00
1213 208 2.00
1213 209 2.00
1213 210 -1.00
1213 211 0.00
1213 212 1.00
1213 213 3.00
1213 214 0.50
1213 215 1.50
1214 200 -0.69
1214 201 1.27
1214 202 0.51
1214 203 0.58
1214 204 -0.73
1214 205 3.00
1214 206 -1.00
1214 207 0.00
1214 208 3.00
1214 209 2.00
1214 210 3.00
1214 211 0.00
1214 212 1.80
1214 213 3.00
1214 214 2.60
1214 215 2.90
1215 200 -0.69
1215 201 1.27
1215 202 0.51
1215 203 0.58
1215 204 -0.73
1215 205 2.00
1215 206 -2.00
1215 207 2.00
1215 208 1.00
1215 209 0.00
1215 210 2.00
1215 211 2.00
1215 212 1.20
1215 213 3.00
1215 214 0.70
1215 215 1.40
1216 200 -0.69
1216 201 1.27
1216 202 0.51
1216 203 0.58
1216 204 -0.73
1216 205 3.00
1216 206 -1.00
1216 207 1.00
1216 208 2.00
1216 209 1.00
1216 210 2.00
1216 211 1.00
1216 212 1.00
1216 213 3.00
1216 214 0.50
1216 215 1.50
1217 200 -0.69
1217 201 1.27
1217 202 0.51
1217 203 0.58
1217 204 -0.73
1217 205 3.00
1217 206 -2.00
1217 207 3.00
1217 208 3.00
1217 209 2.00
1217 210 2.00
1217 211 1.00
1217 212 1.50
1217 213 3.00
1217 214 2.50
1217 215 2.20
1218 200 -0.69
1218 201 1.27
1218 202 0.51
1218 203 0.58
1218 204 -0.73
1218 205 3.00
1218 206 -2.00
1218 207 1.00
1218 208 3.00
1218 209 2.00
1218 210 3.00
1218 211 -1.00
1218 212 1.50
1218 213 3.00
1218 214 2.20
1218 215 2.80
1219 200 -0.69
1219 201 1.27
1219 202 0.51
1219 203 0.58
1219 204 -0.73
1219 205 2.00
1219 206 -2.00
1219 207 1.00
1219 208 2.00
1219 209 -1.00
1219 210 -2.00
1219 211 1.00
1219 212 1.20
1219 213 3.00
1219 214 0.80
1219 215 2.00
1220 200 -0.69
1220 201 1.27
1220 202 0.51
1220 203 0.58
1220 204 -0.73
1220 205 2.00
1220 206 -2.00
1220 207 1.00
1220 208 3.00
1220 209 2.00
1220 210 3.00
1220 211 1.00
1220 212 1.50
1220 213 3.00
1220 214 2.50
1220 215 2.10
1221 200 0.83
1221 201 0.44
1221 202 0.96
1221 203 0.89
1221 204 -0.44
1221 205 1.00
1221 206 -2.00
1221 207 2.00
1221 208 -1.00
1221 209 -2.00
1221 210 2.00
1221 211 2.00
1221 212 0.50
1221 213 3.00
1221 214 1.00
1221 215 1.80
1222 200 1.44
1222 201 1.30
1222 202 2.24
1222 203 -0.41
1222 204 0.77
1222 205 -2.00
1222 206 3.00
1222 207 2.00
1222 208 -1.00
1222 209 2.00
1222 210 3.00
1222 211 0.00
1222 212 1.50
1222 213 3.00
1222 214 0.80
1222 215 2.00
1223 200 0.83
1223 201 0.44
1223 202 0.96
1223 203 0.89
1223 204 -0.44
1223 205 -1.00
1223 206 -2.00
1223 207 2.00
1223 208 -2.00
1223 209 0.00
1223 210 0.00
1223 211 1.00
1223 212 -1.00
1223 213 1.00
1223 214 -1.20
1223 215 0.80
1224 200 0.83
1224 201 0.44
1224 202 0.96
1224 203 0.89
1224 204 -0.44
1224 205 -2.00
1224 206 -2.00
1224 207 2.00
1224 208 -2.00
1224 209 -1.00
1224 210 2.00
1224 211 2.00
1224 212 -0.20
1224 213 0.00
1224 214 0.80
1224 215 1.20
1225 200 1.44
1225 201 1.30
1225 202 2.24
1225 203 -0.41
1225 204 0.77
1225 205 2.00
1225 206 -2.00
1225 207 3.00
1225 208 2.00
1225 209 -2.00
1225 210 1.00
1225 211 2.00
1225 212 0.50
1225 213 1.00
1225 214 2.30
1225 215 2.10
1226 200 1.44
1226 201 1.30
1226 202 2.24
1226 203 -0.41
1226 204 0.77
1226 205 -2.00
1226 206 3.00
1226 207 1.00
1226 208 -2.00
1226 209 2.00
1226 210 1.00
1226 211 0.00
1226 212 0.50
1226 213 1.00
1226 214 -0.80
1226 215 2.00
1227 200 1.44
1227 201 1.30
1227 202 2.24
1227 203 -0.41
1227 204 0.77
1227 205 -2.00
1227 206 3.00
1227 207 2.00
1227 208 -2.00
1227 209 2.00
1227 210 3.00
1227 211 -1.00
1227 212 1.00
1227 213 2.00
1227 214 0.30
1227 215 2.00
1228 200 1.44
1228 201 1.30
1228 202 2.24
1228 203 -0.41
1228 204 0.77
1228 205 -2.00
1228 206 1.00
1228 207 2.00
1228 208 -2.00
1228 209 0.00
1228 210 3.00
1228 211 2.00
1228 212 0.40
1228 213 1.00
1228 214 -0.30
1228 215 2.10
1229 200 1.44
1229 201 1.30
1229 202 2.24
1229 203 -0.41
1229 204 0.77
1229 205 2.00
1229 206 3.00
1229 207 1.00
1229 208 1.00
1229 209 2.00
1229 210 3.00
1229 211 0.00
1229 212 1.20
1229 213 2.00
1229 214 0.20
1229 215 2.20
1230 200 1.44
1230 201 1.30
1230 202 2.24
1230 203 -0.41
1230 204 0.77
1230 205 1.00
1230 206 2.00
1230 207 3.00
1230 208 1.00
1230 209 1.00
1230 210 3.00
1230 211 2.00
1230 212 0.50
1230 213 2.00
1230 214 1.00
1230 215 2.00
1231 200 1.44
1231 201 1.30
1231 202 2.24
1231 203 -0.41
1231 204 0.77
1231 205 2.00
1231 206 2.00
1231 207 3.00
1231 208 2.00
1231 209 1.00
1231 210 3.00
1231 211 1.00
1231 212 0.70
1231 213 1.00
1231 214 1.20
1231 215 2.00
1232 200 -0.78
1232 201 1.73
1232 202 -0.61
1232 203 0.04
1232 204 -1.22
1232 205 2.00
1232 206 -2.00
1232 207 2.00
1232 208 2.00
1232 209 0.00
1232 210 2.00
1232 211 1.00
1232 212 -0.50
1232 213 1.00
1232 214 1.60
1232 215 2.00
1233 200 1.44
1233 201 1.30
1233 202 2.24
1233 203 -0.41
1233 204 0.77
1233 205 2.00
1233 206 0.00
1233 207 3.00
1233 208 3.00
1233 209 0.00
1233 210 2.00
1233 211 2.00
1233 212 0.50
1233 213 2.00
1233 214 1.00
1233 215 2.00
1234 200 1.44
1234 201 1.30
1234 202 2.24
1234 203 -0.41
1234 204 0.77
1234 205 2.00
1234 206 3.00
1234 207 1.00
1234 208 3.00
1234 209 2.00
1234 210 3.00
1234 211 0.00
1234 212 1.40
1234 213 2.00
1234 214 0.60
1234 215 2.10
1235 200 1.44
1235 201 1.30
1235 202 2.24
1235 203 -0.41
1235 204 0.77
1235 205 2.00
1235 206 -2.00
1235 207 2.00
1235 208 2.00
1235 209 -1.00
1235 210 2.00
1235 211 1.00
1235 212 -0.50
1235 213 2.00
1235 214 2.00
1235 215 2.50
1236 200 1.44
1236 201 1.30
1236 202 2.24
1236 203 -0.41
1236 204 0.77
1236 205 2.00
1236 206 -2.00
1236 207 2.00
1236 208 3.00
1236 209 -1.00
1236 210 1.00
1236 211 2.00
1236 212 -1.00
1236 213 0.00
1236 214 2.00
1236 215 1.50
1237 200 2.51
1237 201 0.24
1237 202 2.37
1237 203 1.18
1237 204 -0.20
1237 205 2.00
1237 206 -2.00
1237 207 2.00
1237 208 2.00
1237 209 -1.00
1237 210 1.00
1237 211 1.00
1237 212 -0.30
1237 213 2.00
1237 214 1.60
1237 215 1.30
1238 200 1.44
1238 201 1.30
1238 202 2.24
1238 203 -0.41
1238 204 0.77
1238 205 2.00
1238 206 0.00
1238 207 2.00
1238 208 3.00
1238 209 1.00
1238 210 3.00
1238 211 2.00
1238 212 1.00
1238 213 0.00
1238 214 0.50
1238 215 2.00
1239 200 1.44
1239 201 1.30
1239 202 2.24
1239 203 -0.41
1239 204 0.77
1239 205 3.00
1239 206 -2.00
1239 207 1.00
1239 208 3.00
1239 209 1.00
1239 210 2.00
1239 211 2.00
1239 212 -0.50
1239 213 2.00
1239 214 2.00
1239 215 2.50
1240 200 1.44
1240 201 1.30
1240 202 2.24
1240 203 -0.41
1240 204 0.77
1240 205 0.00
1240 206 -1.00
1240 207 3.00
1240 208 1.00
1240 209 0.00
1240 210 3.00
1240 211 2.00
1240 212 -0.30
1240 213 1.00
1240 214 0.80
1240 215 1.50
1241 200 2.51
1241 201 0.24
1241 202 2.37
1241 203 1.18
1241 204 -0.20
1241 205 2.00
1241 206 -2.00
1241 207 2.00
1241 208 2.00
1241 209 -1.00
1241 210 -2.00
1241 211 2.00
1241 212 0.00
1241 213 0.00
1241 214 2.20
1241 215 2.40
1242 200 0.83
1242 201 0.44
1242 202 0.96
1242 203 0.89
1242 204 -0.44
1242 205 2.00
1242 206 0.00
1242 207 0.00
1242 208 2.00
1242 209 3.00
1242 210 -1.00
1242 211 1.00
1242 212 -1.50
1242 213 2.00
1242 214 0.50
1242 215 2.00
1243 200 0.40
1243 201 1.19
1243 202 0.43
1243 203 0.58
1243 204 -0.77
1243 205 2.00
1243 206 0.00
1243 207 1.00
1243 208 2.00
1243 209 -1.00
1243 210 -1.00
1243 211 2.00
1243 212 -0.80
1243 213 0.00
1243 214 0.70
1243 215 1.40
1244 200 0.40
1244 201 1.19
1244 202 0.43
1244 203 0.58
1244 204 -0.77
1244 205 0.00
1244 206 1.00
1244 207 -1.00
1244 208 -1.00
1244 209 -1.00
1244 210 2.00
1244 211 2.00
1244 212 -1.20
1244 213 0.00
1244 214 0.50
1244 215 1.50
1245 200 0.83
1245 201 0.44
1245 202 0.96
1245 203 0.89
1245 204 -0.44
1245 205 -2.00
1245 206 -2.00
1245 207 1.00
1245 208 -2.00
1245 209 -1.00
1245 210 1.00
1245 211 0.00
1245 212 -0.50
1245 213 0.00
1245 214 -0.80
1245 215 0.70
1246 200 -0.53
1246 201 1.39
1246 202 -0.06
1246 203 0.31
1246 204 -0.96
1246 205 2.00
1246 206 3.00
1246 207 2.00
1246 208 1.00
1246 209 0.00
1246 210 2.00
1246 211 1.00
1246 212 0.70
1246 213 2.00
1246 214 1.30
1246 215 2.10
1247 200 0.32
1247 201 2.22
1247 202 1.29
1247 203 1.00
1247 204 -0.93
1247 205 -1.00
1247 206 0.00
1247 207 1.00
1247 208 -2.00
1247 209 1.00
1247 210 -1.00
1247 211 -1.00
1247 212 0.00
1247 213 3.00
1247 214 0.80
1247 215 0.30
1248 200 0.63
1248 201 1.48
1248 202 0.17
1248 203 1.38
1248 204 -1.22
1248 205 2.00
1248 206 0.00
1248 207 2.00
1248 208 1.00
1248 209 0.00
1248 210 3.00
1248 211 1.00
1248 212 0.50
1248 213 0.00
1248 214 1.20
1248 215 2.20
1249 200 0.83
1249 201 0.44
1249 202 0.96
1249 203 0.89
1249 204 -0.44
1249 205 -1.00
1249 206 -2.00
1249 207 2.00
1249 208 -2.00
1249 209 0.00
1249 210 1.00
1249 211 2.00
1249 212 -1.00
1249 213 0.00
1249 214 -0.50
1249 215 0.50
1250 200 1.44
1250 201 1.30
1250 202 2.24
1250 203 -0.41
1250 204 0.77
1250 205 -2.00
1250 206 2.00
1250 207 2.00
1250 208 -1.00
1250 209 2.00
1250 210 3.00
1250 211 0.00
1250 212 0.20
1250 213 -1.00
1250 214 -0.40
1250 215 1.10
1251 200 0.63
1251 201 1.48
1251 202 0.17
1251 203 1.38
1251 204 -1.22
1251 205 2.00
1251 206 -2.00
1251 207 3.00
1251 208 2.00
1251 209 2.00
1251 210 1.00
1251 211 1.00
1251 212 -2.00
1251 213 1.00
1251 214 0.20
1251 215 1.20
1252 200 0.83
1252 201 0.44
1252 202 0.96
1252 203 0.89
1252 204 -0.44
1252 205 1.00
1252 206 0.00
1252 207 3.00
1252 208 2.00
1252 209 0.00
1252 210 3.00
1252 211 2.00
1252 212 0.50
1252 213 2.00
1252 214 1.00
1252 215 1.80
1253 200 2.19
1253 201 -0.90
1253 202 1.94
1253 203 0.78
1253 204 -0.06
1253 205 -2.00
1253 206 3.00
1253 207 2.00
1253 208 -2.00
1253 209 1.00
1253 210 2.00
1253 211 0.00
1253 212 0.00
1253 213 1.00
1253 214 0.50
1253 215 1.50
1254 200 0.63
1254 201 1.48
1254 202 0.17
1254 203 1.38
1254 204 -1.22
1254 205 0.00
1254 206 3.00
1254 207 0.00
1254 208 -2.00
1254 209 3.00
1254 210 1.00
1254 211 -2.00
1254 212 -0.50
1254 213 1.00
1254 214 0.20
1254 215 1.20
1255 200 1.44
1255 201 1.30
1255 202 2.24
1255 203 -0.41
1255 204 0.77
1255 205 -1.00
1255 206 3.00
1255 207 0.00
1255 208 -1.00
1255 209 3.00
1255 210 2.00
1255 211 -2.00
1255 212 -1.50
1255 213 0.00
1255 214 -1.50
1255 215 2.20
1256 200 1.44
1256 201 1.30
1256 202 2.24
1256 203 -0.41
1256 204 0.77
1256 205 -1.00
1256 206 3.00
1256 207 1.00
1256 208 -1.00
1256 209 2.00
1256 210 2.00
1256 211 -1.00
1256 212 -0.80
1256 213 0.00
1256 214 0.40
1256 215 1.20
1257 200 1.44
1257 201 1.30
1257 202 2.24
1257 203 -0.41
1257 204 0.77
1257 205 -1.00
1257 206 3.00
1257 207 0.00
1257 208 1.00
1257 209 3.00
1257 210 1.00
1257 211 -1.00
1257 212 0.50
1257 213 1.00
1257 214 0.20
1257 215 2.00
1258 200 1.44
1258 201 1.30
1258 202 2.24
1258 203 -0.41
1258 204 0.77
1258 205 -1.00
1258 206 3.00
1258 207 2.00
1258 208 1.00
1258 209 2.00
1258 210 3.00
1258 211 -1.00
1258 212 0.50
1258 213 1.00
1258 214 -0.60
1258 215 1.70
1259 200 1.44
1259 201 1.30
1259 202 2.24
1259 203 -0.41
1259 204 0.77
1259 205 -1.00
1259 206 3.00
1259 207 1.00
1259 208 -2.00
1259 209 2.00
1259 210 -2.00
1259 211 -2.00
1259 212 -1.00
1259 213 2.00
1259 214 -0.50
1259 215 1.50
1260 200 1.44
1260 201 1.30
1260 202 2.24
1260 203 -0.41
1260 204 0.77
1260 205 -2.00
1260 206 3.00
1260 207 1.00
1260 208 -2.00
1260 209 2.00
1260 210 3.00
1260 211 -1.00
1260 212 0.50
1260 213 2.00
1260 214 0.80
1260 215 2.10
1261 200 1.44
1261 201 1.30
1261 202 2.24
1261 203 -0.41
1261 204 0.77
1261 205 -1.00
1261 206 3.00
1261 207 2.00
1261 208 -1.00
1261 209 3.00
1261 210 1.00
1261 211 -2.00
1261 212 -1.00
1261 213 2.00
1261 214 -0.70
1261 215 1.60
1262 200 1.44
1262 201 1.30
1262 202 2.24
1262 203 -0.41
1262 204 0.77
1262 205 -1.00
1262 206 3.00
1262 207 2.00
1262 208 -2.00
1262 209 2.00
1262 210 2.00
1262 211 -1.00
1262 212 0.50
1262 213 2.00
1262 214 -0.30
1262 215 2.00
1263 200 1.44
1263 201 1.30
1263 202 2.24
1263 203 -0.41
1263 204 0.77
1263 205 2.00
1263 206 3.00
1263 207 2.00
1263 208 2.00
1263 209 2.00
1263 210 2.00
1263 211 1.00
1263 212 0.50
1263 213 3.00
1263 214 1.50
1263 215 2.00
1264 200 1.44
1264 201 1.30
1264 202 2.24
1264 203 -0.41
1264 204 0.77
1264 205 -2.00
1264 206 3.00
1264 207 2.00
1264 208 -2.00
1264 209 2.00
1264 210 3.00
1264 211 -2.00
1264 212 -0.80
1264 213 2.00
1264 214 0.20
1264 215 1.80
1265 200 1.44
1265 201 1.30
1265 202 2.24
1265 203 -0.41
1265 204 0.77
1265 205 -1.00
1265 206 3.00
1265 207 1.00
1265 208 -2.00
1265 209 2.00
1265 210 2.00
1265 211 0.00
1265 212 0.40
1265 213 2.00
1265 214 -0.30
1265 215 1.10
1266 200 1.44
1266 201 1.30
1266 202 2.24
1266 203 -0.41
1266 204 0.77
1266 205 -2.00
1266 206 3.00
1266 207 1.00
1266 208 -2.00
1266 209 2.00
1266 210 3.00
1266 211 2.00
1266 212 -0.50
1266 213 2.00
1266 214 -1.50
1266 215 2.20
1267 200 -0.14
1267 201 1.98
1267 202 -0.78
1267 203 1.51
1267 204 -1.63
1267 205 -2.00
1267 206 3.00
1267 207 2.00
1267 208 -2.00
1267 209 2.00
1267 210 2.00
1267 211 -2.00
1267 212 0.30
1267 213 2.00
1267 214 0.20
1267 215 1.80
1268 200 -0.14
1268 201 1.98
1268 202 -0.78
1268 203 1.51
1268 204 -1.63
1268 205 -1.00
1268 206 3.00
1268 207 1.00
1268 208 -2.00
1268 209 2.00
1268 210 2.00
1268 211 -2.00
1268 212 0.50
1268 213 2.00
1268 214 -0.30
1268 215 2.20
1269 200 1.44
1269 201 1.30
1269 202 2.24
1269 203 -0.41
1269 204 0.77
1269 205 -1.00
1269 206 3.00
1269 207 1.00
1269 208 -2.00
1269 209 2.00
1269 210 2.00
1269 211 -2.00
1269 212 -0.50
1269 213 2.00
1269 214 -0.80
1269 215 1.20
1270 200 1.65
1270 201 0.60
1270 202 1.51
1270 203 1.00
1270 204 -0.64
1270 205 2.00
1270 206 3.00
1270 207 3.00
1270 208 2.00
1270 209 3.00
1270 210 1.00
1270 211 0.00
1270 212 0.80
1270 213 2.00
1270 214 0.50
1270 215 1.20
1271 200 1.36
1271 201 2.05
1271 202 0.28
1271 203 0.19
1271 204 -1.00
1271 205 0.00
1271 206 3.00
1271 207 1.00
1271 208 -2.00
1271 209 3.00
1271 210 -1.00
1271 211 -1.00
1271 212 0.80
1271 213 3.00
1271 214 0.40
1271 215 1.80
1272 200 1.36
1272 201 2.05
1272 202 0.28
1272 203 0.19
1272 204 -1.00
1272 205 -2.00
1272 206 3.00
1272 207 2.00
1272 208 -2.00
1272 209 3.00
1272 210 2.00
1272 211 -1.00
1272 212 0.00
1272 213 2.00
1272 214 -0.50
1272 215 2.00
1273 200 0.32
1273 201 2.22
1273 202 1.29
1273 203 1.00
1273 204 -0.93
1273 205 -2.00
1273 206 3.00
1273 207 0.00
1273 208 -2.00
1273 209 3.00
1273 210 2.00
1273 211 -2.00
1273 212 -0.80
1273 213 1.00
1273 214 -0.40
1273 215 1.10
1274 200 1.36
1274 201 2.05
1274 202 0.28
1274 203 0.19
1274 204 -1.00
1274 205 -2.00
1274 206 1.00
1274 207 2.00
1274 208 -2.00
1274 209 0.00
1274 210 1.00
1274 211 1.00
1274 212 0.50
1274 213 0.00
1274 214 -0.50
1274 215 2.00
1275 200 1.36
1275 201 2.05
1275 202 0.28
1275 203 0.19
1275 204 -1.00
1275 205 3.00
1275 206 -2.00
1275 207 2.00
1275 208 3.00
1275 209 1.00
1275 210 2.00
1275 211 2.00
1275 212 0.60
1275 213 1.00
1275 214 2.70
1275 215 2.40
1276 200 0.32
1276 201 2.22
1276 202 1.29
1276 203 1.00
1276 204 -0.93
1276 205 -1.00
1276 206 0.00
1276 207 2.00
1276 208 -1.00
1276 209 3.00
1276 210 -1.00
1276 211 0.00
1276 212 -2.00
1276 213 1.00
1276 214 0.60
1276 215 0.30
1277 200 0.63
1277 201 1.48
1277 202 0.17
1277 203 1.38
1277 204 -1.22
1277 205 2.00
1277 206 -2.00
1277 207 3.00
1277 208 3.00
1277 209 -2.00
1277 210 -1.00
1277 211 2.00
1277 212 0.20
1277 213 0.00
1277 214 0.80
1277 215 1.50
1278 200 0.32
1278 201 2.22
1278 202 1.29
1278 203 1.00
1278 204 -0.93
1278 205 2.00
1278 206 1.00
1278 207 2.00
1278 208 2.00
1278 209 1.00
1278 210 0.00
1278 211 1.00
1278 212 -0.50
1278 213 1.00
1278 214 0.40
1278 215 0.80
1279 200 2.33
1279 201 0.69
1279 202 1.44
1279 203 1.09
1279 204 -0.33
1279 205 -2.00
1279 206 3.00
1279 207 -1.00
1279 208 -2.00
1279 209 2.00
1279 210 3.00
1279 211 0.00
1279 212 1.30
1279 213 1.00
1279 214 0.10
1279 215 2.20
1280 200 2.33
1280 201 0.69
1280 202 1.44
1280 203 1.09
1280 204 -0.33
1280 205 0.00
1280 206 3.00
1280 207 0.00
1280 208 -1.00
1280 209 1.00
1280 210 2.00
1280 211 2.00
1280 212 0.50
1280 213 1.00
1280 214 -0.50
1280 215 1.80
1281 200 0.63
1281 201 1.48
1281 202 0.17
1281 203 1.38
1281 204 -1.22
1281 205 2.00
1281 206 0.00
1281 207 2.00
1281 208 1.00
1281 209 1.00
1281 210 0.00
1281 211 1.00
1281 212 1.50
1281 213 0.00
1281 214 0.30
1281 215 1.80
1282 200 1.36
1282 201 2.05
1282 202 0.28
1282 203 0.19
1282 204 -1.00
1282 205 -2.00
1282 206 3.00
1282 207 1.00
1282 208 -2.00
1282 209 2.00
1282 210 3.00
1282 211 0.00
1282 212 1.20
1282 213 -1.00
1282 214 -0.80
1282 215 2.20
1283 200 1.91
1283 201 0.31
1283 202 1.49
1283 203 0.85
1283 204 0.22
1283 205 1.00
1283 206 2.00
1283 207 2.00
1283 208 -1.00
1283 209 0.00
1283 210 2.00
1283 211 0.00
1283 212 1.00
1283 213 1.00
1283 214 -0.50
1283 215 2.00
1284 200 2.33
1284 201 0.69
1284 202 1.44
1284 203 1.09
1284 204 -0.33
1284 205 -1.00
1284 206 3.00
1284 207 1.00
1284 208 -2.00
1284 209 2.00
1284 210 2.00
1284 211 2.00
1284 212 0.50
1284 213 0.00
1284 214 -0.80
1284 215 2.20
1285 200 0.32
1285 201 2.22
1285 202 1.29
1285 203 1.00
1285 204 -0.93
1285 205 3.00
1285 206 -1.00
1285 207 2.00
1285 208 3.00
1285 209 1.00
1285 210 0.00
1285 211 1.00
1285 212 -1.00
1285 213 1.00
1285 214 1.20
1285 215 2.00
1286 200 0.32
1286 201 2.22
1286 202 1.29
1286 203 1.00
1286 204 -0.93
1286 205 2.00
1286 206 0.00
1286 207 2.00
1286 208 2.00
1286 209 2.00
1286 210 0.00
1286 211 0.00
1286 212 0.80
1286 213 1.00
1286 214 1.30
1286 215 1.20
1287 200 0.63
1287 201 1.48
1287 202 0.17
1287 203 1.38
1287 204 -1.22
1287 205 0.00
1287 206 3.00
1287 207 1.00
1287 208 -2.00
1287 209 3.00
1287 210 -1.00
1287 211 -2.00
1287 212 0.50
1287 213 -2.00
1287 214 0.20
1287 215 2.00
1288 200 2.61
1288 201 0.12
1288 202 2.33
1288 203 0.94
1288 204 0.15
1288 205 -1.00
1288 206 2.00
1288 207 1.00
1288 208 -2.00
1288 209 -1.00
1288 210 2.00
1288 211 1.00
1288 212 0.80
1288 213 -1.00
1288 214 0.10
1288 215 2.10
1289 200 2.33
1289 201 0.69
1289 202 1.44
1289 203 1.09
1289 204 -0.33
1289 205 2.00
1289 206 3.00
1289 207 1.00
1289 208 -1.00
1289 209 2.00
1289 210 1.00
1289 211 1.00
1289 212 0.80
1289 213 1.00
1289 214 -0.70
1289 215 2.10
1290 200 0.63
1290 201 1.48
1290 202 0.17
1290 203 1.38
1290 204 -1.22
1290 205 2.00
1290 206 3.00
1290 207 1.00
1290 208 2.00
1290 209 2.00
1290 210 0.00
1290 211 -1.00
1290 212 0.50
1290 213 1.00
1290 214 0.80
1290 215 1.80
1291 200 0.63
1291 201 1.48
1291 202 0.17
1291 203 1.38
1291 204 -1.22
1291 205 2.00
1291 206 0.00
1291 207 2.00
1291 208 0.00
1291 209 3.00
1291 210 -1.00
1291 211 -2.00
1291 212 -2.00
1291 213 0.00
1291 214 1.00
1291 215 1.50
1292 200 0.63
1292 201 1.48
1292 202 0.17
1292 203 1.38
1292 204 -1.22
1292 205 1.00
1292 206 1.00
1292 207 2.00
1292 208 0.00
1292 209 2.00
1292 210 2.00
1292 211 1.00
1292 212 0.50
1292 213 0.00
1292 214 0.80
1292 215 2.00
1293 200 1.36
1293 201 2.05
1293 202 0.28
1293 203 0.19
1293 204 -1.00
1293 205 1.00
1293 206 0.00
1293 207 2.00
1293 208 0.00
1293 209 3.00
1293 210 -2.00
1293 211 -1.00
1293 212 0.00
1293 213 1.00
1293 214 0.50
1293 215 0.80
1294 200 1.36
1294 201 2.05
1294 202 0.28
1294 203 0.19
1294 204 -1.00
1294 205 -2.00
1294 206 3.00
1294 207 1.00
1294 208 -2.00
1294 209 3.00
1294 210 2.00
1294 211 -1.00
1294 212 1.00
1294 213 1.00
1294 214 0.50
1294 215 2.00
1295 200 0.63
1295 201 1.48
1295 202 0.17
1295 203 1.38
1295 204 -1.22
1295 205 2.00
1295 206 -1.00
1295 207 3.00
1295 208 0.00
1295 209 0.00
1295 210 -1.00
1295 211 1.00
1295 212 -0.50
1295 213 1.00
1295 214 0.30
1295 215 2.00
1296 200 1.36
1296 201 2.05
1296 202 0.28
1296 203 0.19
1296 204 -1.00
1296 205 0.00
1296 206 2.00
1296 207 1.00
1296 208 -1.00
1296 209 2.00
1296 210 2.00
1296 211 0.00
1296 212 1.50
1296 213 -1.00
1296 214 0.30
1296 215 2.00
1297 200 1.36
1297 201 2.05
1297 202 0.28
1297 203 0.19
1297 204 -1.00
1297 205 -2.00
1297 206 3.00
1297 207 2.00
1297 208 -2.00
1297 209 3.00
1297 210 3.00
1297 211 0.00
1297 212 1.60
1297 213 0.00
1297 214 0.80
1297 215 2.20
1298 200 1.02
1298 201 1.33
1298 202 1.65
1298 203 0.33
1298 204 -0.13
1298 205 2.00
1298 206 -2.00
1298 207 3.00
1298 208 2.00
1298 209 -2.00
1298 210 2.00
1298 211 2.00
1298 212 0.30
1298 213 0.00
1298 214 0.80
1298 215 1.50
1299 200 2.33
1299 201 0.69
1299 202 1.44
1299 203 1.09
1299 204 -0.33
1299 205 -2.00
1299 206 3.00
1299 207 -2.00
1299 208 -2.00
1299 209 2.00
1299 210 2.00
1299 211 0.00
1299 212 1.20
1299 213 1.00
1299 214 -0.30
1299 215 2.10
1300 200 1.91
1300 201 0.31
1300 202 1.49
1300 203 0.85
1300 204 0.22
1300 205 2.00
1300 206 3.00
1300 207 3.00
1300 208 2.00
1300 209 2.00
1300 210 -1.00
1300 211 2.00
1300 212 1.50
1300 213 1.00
1300 214 2.00
1300 215 2.50
1301 200 1.36
1301 201 2.05
1301 202 0.28
1301 203 0.19
1301 204 -1.00
1301 205 -2.00
1301 206 3.00
1301 207 2.00
1301 208 -1.00
1301 209 3.00
1301 210 2.00
1301 211 -2.00
1301 212 1.00
1301 213 1.00
1301 214 0.20
1301 215 2.10
1302 200 0.63
1302 201 1.48
1302 202 0.17
1302 203 1.38
1302 204 -1.22
1302 205 -1.00
1302 206 3.00
1302 207 2.00
1302 208 -2.00
1302 209 2.00
1302 210 -1.00
1302 211 -2.00
1302 212 -0.50
1302 213 1.00
1302 214 -0.70
1302 215 2.20
1303 200 2.67
1303 201 -0.43
1303 202 2.51
1303 203 0.31
1303 204 0.49
1303 205 2.00
1303 206 -2.00
1303 207 3.00
1303 208 1.00
1303 209 1.00
1303 210 -1.00
1303 211 2.00
1303 212 1.50
1303 213 0.00
1303 214 1.00
1303 215 2.00
1304 200 1.91
1304 201 0.31
1304 202 1.49
1304 203 0.85
1304 204 0.22
1304 205 2.00
1304 206 2.00
1304 207 3.00
1304 208 2.00
1304 209 2.00
1304 210 1.00
1304 211 0.00
1304 212 1.00
1304 213 1.00
1304 214 1.30
1304 215 2.40
1305 200 1.91
1305 201 0.31
1305 202 1.49
1305 203 0.85
1305 204 0.22
1305 205 -1.00
1305 206 2.00
1305 207 3.00
1305 208 -1.00
1305 209 -1.00
1305 210 2.00
1305 211 1.00
1305 212 0.80
1305 213 0.00
1305 214 0.30
1305 215 0.90
1306 200 0.32
1306 201 2.22
1306 202 1.29
1306 203 1.00
1306 204 -0.93
1306 205 -1.00
1306 206 1.00
1306 207 2.00
1306 208 -1.00
1306 209 1.00
1306 210 -2.00
1306 211 1.00
1306 212 0.50
1306 213 0.00
1306 214 0.20
1306 215 1.20
1307 200 2.33
1307 201 0.69
1307 202 1.44
1307 203 1.09
1307 204 -0.33
1307 205 1.00
1307 206 2.00
1307 207 1.00
1307 208 0.00
1307 209 1.00
1307 210 1.00
1307 211 2.00
1307 212 0.80
1307 213 1.00
1307 214 -0.50
1307 215 1.20
1308 200 1.36
1308 201 2.05
1308 202 0.28
1308 203 0.19
1308 204 -1.00
1308 205 -1.00
1308 206 3.00
1308 207 1.00
1308 208 -2.00
1308 209 2.00
1308 210 1.00
1308 211 -2.00
1308 212 1.20
1308 213 0.00
1308 214 -0.50
1308 215 2.20
1309 200 1.36
1309 201 2.05
1309 202 0.28
1309 203 0.19
1309 204 -1.00
1309 205 3.00
1309 206 0.00
1309 207 3.00
1309 208 3.00
1309 209 -2.00
1309 210 2.00
1309 211 2.00
1309 212 0.80
1309 213 1.00
1309 214 1.00
1309 215 2.00
1310 200 2.67
1310 201 -0.43
1310 202 2.51
1310 203 0.31
1310 204 0.49
1310 205 -2.00
1310 206 2.00
1310 207 1.00
1310 208 -2.00
1310 209 1.00
1310 210 3.00
1310 211 2.00
1310 212 0.50
1310 213 -1.00
1310 214 -0.50
1310 215 0.80
1311 200 1.02
1311 201 1.33
1311 202 1.65
1311 203 0.33
1311 204 -0.13
1311 205 1.00
1311 206 0.00
1311 207 2.00
1311 208 1.00
1311 209 0.00
1311 210 -1.00
1311 211 1.00
1311 212 0.50
1311 213 1.00
1311 214 0.20
1311 215 1.50
1312 200 -0.78
1312 201 1.73
1312 202 -0.61
1312 203 0.04
1312 204 -1.22
1312 205 0.00
1312 206 3.00
1312 207 2.00
1312 208 0.00
1312 209 2.00
1312 210 2.00
1312 211 -1.00
1312 212 1.20
1312 213 0.00
1312 214 0.50
1312 215 2.10
1313 200 1.02
1313 201 1.33
1313 202 1.65
1313 203 0.33
1313 204 -0.13
1313 205 -2.00
1313 206 3.00
1313 207 2.00
1313 208 -2.00
1313 209 2.00
1313 210 3.00
1313 211 1.00
1313 212 0.80
1313 213 0.00
1313 214 0.40
1313 215 2.20
1314 200 1.02
1314 201 1.33
1314 202 1.65
1314 203 0.33
1314 204 -0.13
1314 205 -1.00
1314 206 3.00
1314 207 1.00
1314 208 -2.00
1314 209 2.00
1314 210 2.00
1314 211 -1.00
1314 212 0.80
1314 213 2.00
1314 214 -0.30
1314 215 2.10
1315 200 1.02
1315 201 1.33
1315 202 1.65
1315 203 0.33
1315 204 -0.13
1315 205 2.00
1315 206 1.00
1315 207 2.00
1315 208 0.00
1315 209 1.00
1315 210 2.00
1315 211 0.00
1315 212 -0.50
1315 213 1.00
1315 214 -1.00
1315 215 1.00
1316 200 1.36
1316 201 2.05
1316 202 0.28
1316 203 0.19
1316 204 -1.00
1316 205 -1.00
1316 206 2.00
1316 207 2.00
1316 208 -2.00
1316 209 1.00
1316 210 2.00
1316 211 -1.00
1316 212 0.00
1316 213 2.00
1316 214 -0.50
1316 215 1.50
1317 200 1.02
1317 201 1.33
1317 202 1.65
1317 203 0.33
1317 204 -0.13
1317 205 1.00
1317 206 3.00
1317 207 2.00
1317 208 0.00
1317 209 2.00
1317 210 2.00
1317 211 1.00
1317 212 0.50
1317 213 1.00
1317 214 -0.50
1317 215 1.50
1318 200 1.36
1318 201 2.05
1318 202 0.28
1318 203 0.19
1318 204 -1.00
1318 205 -1.00
1318 206 1.00
1318 207 2.00
1318 208 -1.00
1318 209 1.00
1318 210 1.00
1318 211 0.00
1318 212 0.20
1318 213 3.00
1318 214 -1.30
1318 215 0.80
1319 200 0.63
1319 201 1.48
1319 202 0.17
1319 203 1.38
1319 204 -1.22
1319 205 0.00
1319 206 3.00
1319 207 2.00
1319 208 -2.00
1319 209 2.00
1319 210 -1.00
1319 211 -2.00
1319 212 -2.00
1319 213 1.00
1319 214 -2.00
1319 215 1.00
1320 200 0.83
1320 201 0.44
1320 202 0.96
1320 203 0.89
1320 204 -0.44
1320 205 2.00
1320 206 3.00
1320 207 1.00
1320 208 2.00
1320 209 3.00
1320 210 -2.00
1320 211 -1.00
1320 212 -2.00
1320 213 3.00
1320 214 -1.20
1320 215 0.70
1321 200 0.83
1321 201 0.44
1321 202 0.96
1321 203 0.89
1321 204 -0.44
1321 205 -1.00
1321 206 3.00
1321 207 0.00
1321 208 -2.00
1321 209 3.00
1321 210 -2.00
1321 211 -2.00
1321 212 -1.80
1321 213 2.00
1321 214 0.30
1321 215 1.40
1322 200 0.40
1322 201 1.19
1322 202 0.43
1322 203 0.58
1322 204 -0.77
1322 205 -2.00
1322 206 3.00
1322 207 -1.00
1322 208 -2.00
1322 209 3.00
1322 210 -1.00
1322 211 -2.00
1322 212 -2.00
1322 213 3.00
1322 214 0.50
1322 215 1.00
1323 200 -0.69
1323 201 1.27
1323 202 0.51
1323 203 0.58
1323 204 -0.73
1323 205 -2.00
1323 206 -1.00
1323 207 2.00
1323 208 -2.00
1323 209 1.00
1323 210 -1.00
1323 211 1.00
1323 212 -1.20
1323 213 1.00
1323 214 -1.40
1323 215 0.20
1324 200 -0.14
1324 201 1.98
1324 202 -0.78
1324 203 1.51
1324 204 -1.63
1324 205 1.00
1324 206 2.00
1324 207 3.00
1324 208 0.00
1324 209 1.00
1324 210 2.00
1324 211 2.00
1324 212 -0.80
1324 213 1.00
1324 214 0.30
1324 215 0.90
1325 200 1.91
1325 201 0.31
1325 202 1.49
1325 203 0.85
1325 204 0.22
1325 205 0.00
1325 206 3.00
1325 207 1.00
1325 208 -1.00
1325 209 2.00
1325 210 1.00
1325 211 -1.00
1325 212 1.50
1325 213 3.00
1325 214 -0.50
1325 215 2.00
1326 200 0.63
1326 201 1.48
1326 202 0.17
1326 203 1.38
1326 204 -1.22
1326 205 2.00
1326 206 3.00
1326 207 2.00
1326 208 1.00
1326 209 2.00
1326 210 -1.00
1326 211 -2.00
1326 212 -1.00
1326 213 3.00
1326 214 0.30
1326 215 1.20
1327 200 0.32
1327 201 2.22
1327 202 1.29
1327 203 1.00
1327 204 -0.93
1327 205 2.00
1327 206 1.00
1327 207 2.00
1327 208 2.00
1327 209 2.00
1327 210 -1.00
1327 211 1.00
1327 212 -2.00
1327 213 1.00
1327 214 1.00
1327 215 0.80
1328 200 0.32
1328 201 2.22
1328 202 1.29
1328 203 1.00
1328 204 -0.93
1328 205 -1.00
1328 206 -2.00
1328 207 2.00
1328 208 -2.00
1328 209 -1.00
1328 210 -1.00
1328 211 2.00
1328 212 -1.50
1328 213 3.00
1328 214 0.20
1328 215 1.20
1329 200 2.19
1329 201 -0.90
1329 202 1.94
1329 203 0.78
1329 204 -0.06
1329 205 -1.00
1329 206 3.00
1329 207 1.00
1329 208 -2.00
1329 209 2.00
1329 210 -1.00
1329 211 -1.00
1329 212 1.00
1329 213 1.00
1329 214 -1.00
1329 215 0.80
1330 200 2.19
1330 201 -0.90
1330 202 1.94
1330 203 0.78
1330 204 -0.06
1330 205 1.00
1330 206 3.00
1330 207 0.00
1330 208 2.00
1330 209 3.00
1330 210 -1.00
1330 211 -2.00
1330 212 -0.50
1330 213 0.00
1330 214 0.90
1330 215 2.20
1331 200 0.63
1331 201 1.48
1331 202 0.17
1331 203 1.38
1331 204 -1.22
1331 205 3.00
1331 206 -1.00
1331 207 2.00
1331 208 2.00
1331 209 2.00
1331 210 -2.00
1331 211 1.00
1331 212 -2.00
1331 213 1.00
1331 214 1.20
1331 215 2.40
1332 200 2.19
1332 201 -0.90
1332 202 1.94
1332 203 0.78
1332 204 -0.06
1332 205 -1.00
1332 206 3.00
1332 207 2.00
1332 208 -2.00
1332 209 2.00
1332 210 2.00
1332 211 -1.00
1332 212 1.00
1332 213 0.00
1332 214 0.20
1332 215 2.00
1333 200 0.32
1333 201 2.22
1333 202 1.29
1333 203 1.00
1333 204 -0.93
1333 205 -1.00
1333 206 2.00
1333 207 2.00
1333 208 -2.00
1333 209 2.00
1333 210 -1.00
1333 211 0.00
1333 212 -2.00
1333 213 -1.00
1333 214 -2.00
1333 215 0.30
1334 200 2.19
1334 201 -0.90
1334 202 1.94
1334 203 0.78
1334 204 -0.06
1334 205 -1.00
1334 206 3.00
1334 207 1.00
1334 208 -2.00
1334 209 2.00
1334 210 1.00
1334 211 -2.00
1334 212 1.00
1334 213 2.00
1334 214 -1.20
1334 215 1.80
1335 200 0.63
1335 201 1.48
1335 202 0.17
1335 203 1.38
1335 204 -1.22
1335 205 1.00
1335 206 3.00
1335 207 1.00
1335 208 -1.00
1335 209 3.00
1335 210 -1.00
1335 211 -1.00
1335 212 -0.50
1335 213 1.00
1335 214 0.50
1335 215 1.50
1336 200 1.71
1336 201 1.92
1336 202 -0.82
1336 203 1.53
1336 204 -1.39
1336 205 -2.00
1336 206 3.00
1336 207 2.00
1336 208 -2.00
1336 209 1.00
1336 210 3.00
1336 211 1.00
1336 212 1.50
1336 213 2.00
1336 214 -0.50
1336 215 1.00
1337 200 1.91
1337 201 0.31
1337 202 1.49
1337 203 0.85
1337 204 0.22
1337 205 3.00
1337 206 -2.00
1337 207 2.00
1337 208 3.00
1337 209 0.00
1337 210 1.00
1337 211 2.00
1337 212 0.60
1337 213 1.00
1337 214 1.40
1337 215 2.10
1338 200 1.91
1338 201 0.31
1338 202 1.49
1338 203 0.85
1338 204 0.22
1338 205 3.00
1338 206 0.00
1338 207 2.00
1338 208 2.00
1338 209 0.00
1338 210 -1.00
1338 211 2.00
1338 212 -0.80
1338 213 1.00
1338 214 0.70
1338 215 1.70
1339 200 1.91
1339 201 0.31
1339 202 1.49
1339 203 0.85
1339 204 0.22
1339 205 3.00
1339 206 -2.00
1339 207 3.00
1339 208 3.00
1339 209 0.00
1339 210 -1.00
1339 211 2.00
1339 212 0.00
1339 213 1.00
1339 214 1.50
1339 215 2.50
1340 200 1.91
1340 201 0.31
1340 202 1.49
1340 203 0.85
1340 204 0.22
1340 205 2.00
1340 206 2.00
1340 207 2.00
1340 208 2.00
1340 209 2.00
1340 210 -1.00
1340 211 1.00
1340 212 0.30
1340 213 0.00
1340 214 -0.50
1340 215 1.20
1341 200 1.91
1341 201 0.31
1341 202 1.49
1341 203 0.85
1341 204 0.22
1341 205 1.00
1341 206 2.00
1341 207 2.00
1341 208 -1.00
1341 209 2.00
1341 210 1.00
1341 211 1.00
1341 212 -1.00
1341 213 0.00
1341 214 -0.50
1341 215 0.50
1342 200 2.19
1342 201 -0.90
1342 202 1.94
1342 203 0.78
1342 204 -0.06
1342 205 2.00
1342 206 1.00
1342 207 3.00
1342 208 1.00
1342 209 1.00
1342 210 0.00
1342 211 -1.00
1342 212 -2.00
1342 213 0.00
1342 214 0.40
1342 215 1.30
1343 200 1.91
1343 201 0.31
1343 202 1.49
1343 203 0.85
1343 204 0.22
1343 205 1.00
1343 206 2.00
1343 207 2.00
1343 208 0.00
1343 209 3.00
1343 210 0.00
1343 211 -1.00
1343 212 -2.00
1343 213 0.00
1343 214 -0.80
1343 215 -1.50
1344 200 0.32
1344 201 2.22
1344 202 1.29
1344 203 1.00
1344 204 -0.93
1344 205 3.00
1344 206 -1.00
1344 207 2.00
1344 208 3.00
1344 209 2.00
1344 210 -1.00
1344 211 2.00
1344 212 -0.80
1344 213 1.00
1344 214 1.50
1344 215 1.20
1345 200 0.84
1345 201 -0.07
1345 202 1.16
1345 203 0.23
1345 204 -0.19
1345 205 1.00
1345 206 -1.00
1345 207 -1.00
1345 208 0.00
1345 209 2.00
1345 210 2.00
1345 211 0.00
1345 212 0.50
1345 213 1.00
1345 214 0.20
1345 215 1.20
1346 200 0.32
1346 201 2.22
1346 202 1.29
1346 203 1.00
1346 204 -0.93
1346 205 2.00
1346 206 -1.00
1346 207 3.00
1346 208 2.00
1346 209 0.00
1346 210 -1.00
1346 211 2.00
1346 212 -0.50
1346 213 0.00
1346 214 0.80
1346 215 1.50
1347 200 1.91
1347 201 0.31
1347 202 1.49
1347 203 0.85
1347 204 0.22
1347 205 2.00
1347 206 0.00
1347 207 2.00
1347 208 2.00
1347 209 1.00
1347 210 0.00
1347 211 0.00
1347 212 0.50
1347 213 0.00
1347 214 1.00
1347 215 1.20
1348 200 1.91
1348 201 0.31
1348 202 1.49
1348 203 0.85
1348 204 0.22
1348 205 3.00
1348 206 2.00
1348 207 2.00
1348 208 3.00
1348 209 2.00
1348 210 1.00
1348 211 1.00
1348 212 -0.50
1348 213 0.00
1348 214 1.00
1348 215 2.00
1349 200 0.32
1349 201 2.22
1349 202 1.29
1349 203 1.00
1349 204 -0.93
1349 205 0.00
1349 206 2.00
1349 207 2.00
1349 208 -1.00
1349 209 1.00
1349 210 -1.00
1349 211 1.00
1349 212 -2.00
1349 213 1.00
1349 214 -0.50
1349 215 1.50
1350 200 0.32
1350 201 2.22
1350 202 1.29
1350 203 1.00
1350 204 -0.93
1350 205 2.00
1350 206 -1.00
1350 207 2.00
1350 208 3.00
1350 209 2.00
1350 210 2.00
1350 211 1.00
1350 212 -0.50
1350 213 0.00
1350 214 0.20
1350 215 1.00
1351 200 0.32
1351 201 2.22
1351 202 1.29
1351 203 1.00
1351 204 -0.93
1351 205 -1.00
1351 206 2.00
1351 207 2.00
1351 208 -1.00
1351 209 2.00
1351 210 -2.00
1351 211 -1.00
1351 212 -0.50
1351 213 0.00
1351 214 -0.80
1351 215 1.20
1352 200 1.91
1352 201 0.31
1352 202 1.49
1352 203 0.85
1352 204 0.22
1352 205 3.00
1352 206 2.00
1352 207 2.00
1352 208 2.00
1352 209 2.00
1352 210 0.00
1352 211 1.00
1352 212 -1.00
1352 213 0.00
1352 214 0.50
1352 215 2.20
1353 200 1.91
1353 201 0.31
1353 202 1.49
1353 203 0.85
1353 204 0.22
1353 205 3.00
1353 206 -2.00
1353 207 2.00
1353 208 3.00
1353 209 0.00
1353 210 1.00
1353 211 2.00
1353 212 -0.50
1353 213 0.00
1353 214 2.00
1353 215 2.50
1354 200 1.91
1354 201 0.31
1354 202 1.49
1354 203 0.85
1354 204 0.22
1354 205 2.00
1354 206 2.00
1354 207 1.00
1354 208 2.00
1354 209 2.00
1354 210 -1.00
1354 211 -2.00
1354 212 0.50
1354 213 1.00
1354 214 1.50
1354 215 2.00
1355 200 1.91
1355 201 0.31
1355 202 1.49
1355 203 0.85
1355 204 0.22
1355 205 1.00
1355 206 2.00
1355 207 2.00
1355 208 1.00
1355 209 2.00
1355 210 0.00
1355 211 0.00
1355 212 -2.00
1355 213 0.00
1355 214 1.00
1355 215 1.50
1356 200 0.63
1356 201 1.48
1356 202 0.17
1356 203 1.38
1356 204 -1.22
1356 205 2.00
1356 206 1.00
1356 207 2.00
1356 208 0.00
1356 209 3.00
1356 210 0.00
1356 211 0.00
1356 212 -2.20
1356 213 0.00
1356 214 -0.60
1356 215 1.50
1357 200 0.89
1357 201 1.24
1357 202 0.45
1357 203 1.79
1357 204 -1.23
1357 205 3.00
1357 206 0.00
1357 207 2.00
1357 208 3.00
1357 209 -1.00
1357 210 2.00
1357 211 2.00
1357 212 1.20
1357 213 0.00
1357 214 1.60
1357 215 2.30
1358 200 1.36
1358 201 2.05
1358 202 0.28
1358 203 0.19
1358 204 -1.00
1358 205 -1.00
1358 206 3.00
1358 207 1.00
1358 208 -2.00
1358 209 3.00
1358 210 -1.00
1358 211 0.00
1358 212 -0.80
1358 213 0.00
1358 214 0.30
1358 215 1.40
1359 200 0.63
1359 201 1.48
1359 202 0.17
1359 203 1.38
1359 204 -1.22
1359 205 3.00
1359 206 1.00
1359 207 2.00
1359 208 3.00
1359 209 2.00
1359 210 1.00
1359 211 2.00
1359 212 0.50
1359 213 1.00
1359 214 1.20
1359 215 2.00
1360 200 2.19
1360 201 -0.90
1360 202 1.94
1360 203 0.78
1360 204 -0.06
1360 205 -1.00
1360 206 3.00
1360 207 1.00
1360 208 -2.00
1360 209 2.00
1360 210 3.00
1360 211 -2.00
1360 212 1.20
1360 213 2.00
1360 214 0.60
1360 215 2.10
1361 200 0.63
1361 201 1.48
1361 202 0.17
1361 203 1.38
1361 204 -1.22
1361 205 -1.00
1361 206 3.00
1361 207 0.00
1361 208 -2.00
1361 209 3.00
1361 210 -2.00
1361 211 -2.00
1361 212 -1.80
1361 213 0.00
1361 214 0.40
1361 215 0.70
1362 200 2.19
1362 201 -0.90
1362 202 1.94
1362 203 0.78
1362 204 -0.06
1362 205 -1.00
1362 206 1.00
1362 207 2.00
1362 208 0.00
1362 209 1.00
1362 210 3.00
1362 211 2.00
1362 212 2.00
1362 213 0.00
1362 214 1.30
1362 215 2.50
1363 200 2.19
1363 201 -0.90
1363 202 1.94
1363 203 0.78
1363 204 -0.06
1363 205 2.00
1363 206 1.00
1363 207 2.00
1363 208 3.00
1363 209 0.00
1363 210 2.00
1363 211 2.00
1363 212 1.60
1363 213 0.00
1363 214 1.20
1363 215 1.80
1364 200 0.63
1364 201 1.48
1364 202 0.17
1364 203 1.38
1364 204 -1.22
1364 205 1.00
1364 206 3.00
1364 207 2.00
1364 208 -1.00
1364 209 1.00
1364 210 -1.00
1364 211 -1.00
1364 212 0.50
1364 213 0.00
1364 214 1.20
1364 215 2.00
1365 200 2.19
1365 201 -0.90
1365 202 1.94
1365 203 0.78
1365 204 -0.06
1365 205 -2.00
1365 206 3.00
1365 207 0.00
1365 208 -2.00
1365 209 3.00
1365 210 3.00
1365 211 -1.00
1365 212 -0.50
1365 213 3.00
1365 214 -0.30
1365 215 2.00
1366 200 0.83
1366 201 0.94
1366 202 0.55
1366 203 1.74
1366 204 -0.94
1366 205 -1.00
1366 206 3.00
1366 207 0.00
1366 208 -2.00
1366 209 3.00
1366 210 2.00
1366 211 -2.00
1366 212 0.80
1366 213 3.00
1366 214 0.20
1366 215 1.90
1367 200 2.19
1367 201 -0.90
1367 202 1.94
1367 203 0.78
1367 204 -0.06
1367 205 2.00
1367 206 3.00
1367 207 2.00
1367 208 1.00
1367 209 2.00
1367 210 -1.00
1367 211 -2.00
1367 212 -1.20
1367 213 2.00
1367 214 -0.30
1367 215 2.10
1368 200 0.63
1368 201 1.48
1368 202 0.17
1368 203 1.38
1368 204 -1.22
1368 205 -2.00
1368 206 3.00
1368 207 -1.00
1368 208 -2.00
1368 209 2.00
1368 210 2.00
1368 211 -2.00
1368 212 0.60
1368 213 1.00
1368 214 0.20
1368 215 1.20
1369 200 0.63
1369 201 1.48
1369 202 0.17
1369 203 1.38
1369 204 -1.22
1369 205 -1.00
1369 206 3.00
1369 207 0.00
1369 208 -2.00
1369 209 3.00
1369 210 -2.00
1369 211 -2.00
1369 212 -1.50
1369 213 1.00
1369 214 0.50
1369 215 1.00
1370 200 0.63
1370 201 1.48
1370 202 0.17
1370 203 1.38
1370 204 -1.22
1370 205 -2.00
1370 206 3.00
1370 207 2.00
1370 208 -1.00
1370 209 3.00
1370 210 3.00
1370 211 0.00
1370 212 0.80
1370 213 0.00
1370 214 0.60
1370 215 2.00
1371 200 0.83
1371 201 0.44
1371 202 0.96
1371 203 0.89
1371 204 -0.44
1371 205 -1.00
1371 206 3.00
1371 207 0.00
1371 208 -1.00
1371 209 3.00
1371 210 2.00
1371 211 -1.00
1371 212 -2.00
1371 213 0.00
1371 214 0.50
1371 215 2.00
1372 200 0.63
1372 201 1.48
1372 202 0.17
1372 203 1.38
1372 204 -1.22
1372 205 2.00
1372 206 0.00
1372 207 1.00
1372 208 2.00
1372 209 2.00
1372 210 0.00
1372 211 1.00
1372 212 -0.70
1372 213 1.00
1372 214 1.50
1372 215 1.20
1373 200 0.84
1373 201 -0.07
1373 202 1.16
1373 203 0.23
1373 204 -0.19
1373 205 -2.00
1373 206 2.00
1373 207 1.00
1373 208 -2.00
1373 209 2.00
1373 210 3.00
1373 211 1.00
1373 212 0.50
1373 213 3.00
1373 214 -0.50
1373 215 1.00
1374 200 1.91
1374 201 0.31
1374 202 1.49
1374 203 0.85
1374 204 0.22
1374 205 -1.00
1374 206 3.00
1374 207 0.00
1374 208 -1.00
1374 209 2.00
1374 210 1.00
1374 211 -2.00
1374 212 0.20
1374 213 3.00
1374 214 -0.50
1374 215 2.10
1375 200 0.63
1375 201 1.48
1375 202 0.17
1375 203 1.38
1375 204 -1.22
1375 205 -1.00
1375 206 3.00
1375 207 2.00
1375 208 -2.00
1375 209 3.00
1375 210 -1.00
1375 211 -1.00
1375 212 0.50
1375 213 2.00
1375 214 0.40
1375 215 1.30
1376 200 0.83
1376 201 0.94
1376 202 0.55
1376 203 1.74
1376 204 -0.94
1376 205 -1.00
1376 206 3.00
1376 207 2.00
1376 208 -2.00
1376 209 2.00
1376 210 3.00
1376 211 2.00
1376 212 1.00
1376 213 3.00
1376 214 0.50
1376 215 2.00
1377 200 2.51
1377 201 0.20
1377 202 1.05
1377 203 1.71
1377 204 -0.46
1377 205 -1.00
1377 206 3.00
1377 207 1.00
1377 208 -2.00
1377 209 2.00
1377 210 3.00
1377 211 0.00
1377 212 -0.80
1377 213 2.00
1377 214 0.60
1377 215 1.40
1378 200 0.83
1378 201 0.94
1378 202 0.55
1378 203 1.74
1378 204 -0.94
1378 205 -1.00
1378 206 3.00
1378 207 2.00
1378 208 -2.00
1378 209 2.00
1378 210 1.00
1378 211 0.00
1378 212 1.20
1378 213 2.00
1378 214 0.50
1378 215 2.10
1379 200 2.51
1379 201 0.20
1379 202 1.05
1379 203 1.71
1379 204 -0.46
1379 205 0.00
1379 206 3.00
1379 207 1.00
1379 208 0.00
1379 209 2.00
1379 210 1.00
1379 211 0.00
1379 212 1.40
1379 213 2.00
1379 214 0.60
1379 215 2.10
1380 200 2.19
1380 201 -0.90
1380 202 1.94
1380 203 0.78
1380 204 -0.06
1380 205 3.00
1380 206 3.00
1380 207 1.00
1380 208 1.00
1380 209 2.00
1380 210 1.00
1380 211 1.00
1380 212 0.00
1380 213 3.00
1380 214 0.50
1380 215 2.00
1381 200 -0.14
1381 201 1.98
1381 202 -0.78
1381 203 1.51
1381 204 -1.63
1381 205 2.00
1381 206 2.00
1381 207 3.00
1381 208 0.00
1381 209 1.00
1381 210 0.00
1381 211 3.00
1381 212 -1.50
1381 213 3.00
1381 214 0.30
1381 215 1.40
1382 200 -0.14
1382 201 1.98
1382 202 -0.78
1382 203 1.51
1382 204 -1.63
1382 205 2.00
1382 206 3.00
1382 207 2.00
1382 208 1.00
1382 209 2.00
1382 210 2.00
1382 211 1.00
1382 212 -1.50
1382 213 1.00
1382 214 -1.20
1382 215 2.10
1383 200 2.61
1383 201 0.12
1383 202 2.33
1383 203 0.94
1383 204 0.15
1383 205 2.00
1383 206 1.00
1383 207 3.00
1383 208 2.00
1383 209 2.00
1383 210 0.00
1383 211 2.00
1383 212 1.20
1383 213 3.00
1383 214 0.80
1383 215 1.70
1384 200 1.71
1384 201 1.92
1384 202 -0.82
1384 203 1.53
1384 204 -1.39
1384 205 2.00
1384 206 1.00
1384 207 2.00
1384 208 2.00
1384 209 2.00
1384 210 2.00
1384 211 1.00
1384 212 2.00
1384 213 2.00
1384 214 1.50
1384 215 2.50
1385 200 -0.14
1385 201 1.98
1385 202 -0.78
1385 203 1.51
1385 204 -1.63
1385 205 1.00
1385 206 3.00
1385 207 2.00
1385 208 1.00
1385 209 2.00
1385 210 3.00
1385 211 1.00
1385 212 1.50
1385 213 2.00
1385 214 1.20
1385 215 2.00
1386 200 2.19
1386 201 -0.90
1386 202 1.94
1386 203 0.78
1386 204 -0.06
1386 205 -1.00
1386 206 3.00
1386 207 0.00
1386 208 -1.00
1386 209 2.00
1386 210 3.00
1386 211 -2.00
1386 212 0.50
1386 213 2.00
1386 214 1.50
1386 215 2.00
1387 200 2.19
1387 201 -0.90
1387 202 1.94
1387 203 0.78
1387 204 -0.06
1387 205 -1.00
1387 206 3.00
1387 207 0.00
1387 208 -1.00
1387 209 3.00
1387 210 3.00
1387 211 -2.00
1387 212 0.00
1387 213 3.00
1387 214 0.80
1387 215 2.00
1388 200 2.19
1388 201 -0.90
1388 202 1.94
1388 203 0.78
1388 204 -0.06
1388 205 -2.00
1388 206 3.00
1388 207 1.00
1388 208 -1.00
1388 209 3.00
1388 210 3.00
1388 211 -2.00
1388 212 -0.80
1388 213 3.00
1388 214 0.30
1388 215 2.10
1389 200 2.19
1389 201 -0.90
1389 202 1.94
1389 203 0.78
1389 204 -0.06
1389 205 -2.00
1389 206 3.00
1389 207 1.00
1389 208 -1.00
1389 209 2.00
1389 210 3.00
1389 211 -1.00
1389 212 -0.50
1389 213 2.00
1389 214 0.80
1389 215 2.20
1390 200 2.19
1390 201 -0.90
1390 202 1.94
1390 203 0.78
1390 204 -0.06
1390 205 -2.00
1390 206 3.00
1390 207 0.00
1390 208 -1.00
1390 209 2.00
1390 210 3.00
1390 211 1.00
1390 212 0.50
1390 213 2.00
1390 214 0.50
1390 215 2.20
1391 200 2.19
1391 201 -0.90
1391 202 1.94
1391 203 0.78
1391 204 -0.06
1391 205 -2.00
1391 206 3.00
1391 207 1.00
1391 208 -2.00
1391 209 3.00
1391 210 2.00
1391 211 -1.00
1391 212 0.50
1391 213 2.00
1391 214 1.00
1391 215 2.00
1392 200 -0.78
1392 201 1.73
1392 202 -0.61
1392 203 0.04
1392 204 -1.22
1392 205 -1.00
1392 206 3.00
1392 207 0.00
1392 208 -1.00
1392 209 3.00
1392 210 2.00
1392 211 -1.00
1392 212 0.00
1392 213 2.00
1392 214 0.80
1392 215 2.00
1393 200 0.63
1393 201 1.48
1393 202 0.17
1393 203 1.38
1393 204 -1.22
1393 205 1.00
1393 206 3.00
1393 207 0.00
1393 208 1.00
1393 209 2.00
1393 210 2.00
1393 211 0.00
1393 212 1.20
1393 213 2.00
1393 214 0.80
1393 215 2.00
1394 200 0.63
1394 201 1.48
1394 202 0.17
1394 203 1.38
1394 204 -1.22
1394 205 -1.00
1394 206 3.00
1394 207 0.00
1394 208 -1.00
1394 209 3.00
1394 210 2.00
1394 211 1.00
1394 212 -0.50
1394 213 2.00
1394 214 0.60
1394 215 1.70
1395 200 2.19
1395 201 -0.90
1395 202 1.94
1395 203 0.78
1395 204 -0.06
1395 205 -2.00
1395 206 3.00
1395 207 0.00
1395 208 -2.00
1395 209 3.00
1395 210 3.00
1395 211 -2.00
1395 212 -1.50
1395 213 2.00
1395 214 -0.80
1395 215 2.20
1396 200 -0.14
1396 201 1.98
1396 202 -0.78
1396 203 1.51
1396 204 -1.63
1396 205 -2.00
1396 206 3.00
1396 207 1.00
1396 208 -2.00
1396 209 2.00
1396 210 3.00
1396 211 1.00
1396 212 0.80
1396 213 3.00
1396 214 0.50
1396 215 2.10
1397 200 2.51
1397 201 0.20
1397 202 1.05
1397 203 1.71
1397 204 -0.46
1397 205 -1.00
1397 206 3.00
1397 207 1.00
1397 208 0.00
1397 209 2.00
1397 210 2.00
1397 211 1.00
1397 212 0.50
1397 213 2.00
1397 214 0.20
1397 215 2.00
1398 200 -0.14
1398 201 1.98
1398 202 -0.78
1398 203 1.51
1398 204 -1.63
1398 205 -1.00
1398 206 3.00
1398 207 0.00
1398 208 -2.00
1398 209 2.00
1398 210 2.00
1398 211 1.00
1398 212 0.70
1398 213 2.00
1398 214 -0.50
1398 215 2.00
1399 200 -0.14
1399 201 1.98
1399 202 -0.78
1399 203 1.51
1399 204 -1.63
1399 205 -2.00
1399 206 3.00
1399 207 1.00
1399 208 -2.00
1399 209 3.00
1399 210 3.00
1399 211 -1.00
1399 212 0.50
1399 213 3.00
1399 214 -0.80
1399 215 1.30
1400 200 2.51
1400 201 0.20
1400 202 1.05
1400 203 1.71
1400 204 -0.46
1400 205 -2.00
1400 206 3.00
1400 207 0.00
1400 208 -2.00
1400 209 3.00
1400 210 3.00
1400 211 1.00
1400 212 -1.20
1400 213 3.00
1400 214 0.40
1400 215 1.60
