1000 300 0.50
1000 301 0.75
1000 302 1.00
1000 303 0.50
1000 304 0.75
1000 305 0.75
1000 306 0.00
1000 307 0.25
1000 308 0.00
1000 312 0.75
1000 313 0.00
1000 309 0.00
1000 310 0.00
1001 300 0.50
1001 301 0.75
1001 302 0.75
1001 303 0.50
1001 304 0.75
1001 305 0.75
1001 306 0.25
1001 307 0.50
1001 308 0.00
1001 312 0.50
1001 313 0.50
1001 309 0.00
1001 310 0.00
1002 300 0.25
1002 301 0.75
1002 302 0.75
1002 303 0.50
1002 304 0.75
1002 305 1.00
1002 306 0.00
1002 307 0.25
1002 308 0.50
1002 312 0.75
1002 313 0.00
1002 309 1.00
1002 310 0.25
1003 300 0.50
1003 301 0.75
1003 302 0.75
1003 303 0.50
1003 304 1.00
1003 305 0.25
1003 306 0.25
1003 307 0.50
1003 308 0.00
1003 312 0.25
1003 313 0.00
1003 309 0.00
1003 310 1.00
1004 300 0.00
1004 301 0.75
1004 302 0.75
1004 303 0.50
1004 304 0.25
1004 305 1.00
1004 306 0.00
1004 307 0.25
1004 308 0.00
1004 312 0.25
1004 313 0.25
1004 309 1.00
1004 310 1.00
1005 300 0.75
1005 301 1.00
1005 302 0.75
1005 303 1.00
1005 304 1.00
1005 305 0.75
1005 306 0.00
1005 307 0.25
1005 308 0.00
1005 312 1.00
1005 313 0.25
1005 309 0.00
1005 310 0.25
1006 300 0.75
1006 301 0.25
1006 302 0.50
1006 303 0.75
1006 304 0.50
1006 305 0.75
1006 306 0.50
1006 307 0.25
1006 308 0.00
1006 312 0.75
1006 313 0.00
1006 309 0.00
1006 310 1.00
1007 300 0.75
1007 301 0.75
1007 302 0.75
1007 303 0.75
1007 304 0.75
1007 305 0.50
1007 306 0.25
1007 307 0.75
1007 308 0.00
1007 312 0.50
1007 313 0.50
1007 309 0.00
1007 310 1.00
1008 300 0.75
1008 301 0.25
1008 302 0.25
1008 303 0.75
1008 304 0.50
1008 305 0.50
1008 306 0.75
1008 307 0.50
1008 308 0.00
1008 312 0.25
1008 313 0.25
1008 309 0.00
1008 310 1.00
1009 300 0.75
1009 301 0.00
1009 302 0.50
1009 303 0.75
1009 304 0.25
1009 305 0.75
1009 306 0.75
1009 307 0.75
1009 308 0.00
1009 312 1.00
1009 313 1.00
1009 309 0.00
1009 310 1.00
1010 300 0.75
1010 301 0.75
1010 302 0.75
1010 303 0.25
1010 304 0.75
1010 305 1.00
1010 306 0.25
1010 307 0.50
1010 308 0.00
1010 312 0.25
1010 313 0.25
1010 309 0.25
1010 310 0.00
1011 300 0.25
1011 301 0.75
1011 302 1.00
1011 303 1.00
1011 304 1.00
1011 305 1.00
1011 306 0.00
1011 307 0.25
1011 308 0.00
1011 312 0.75
1011 313 0.75
1011 309 0.00
1011 310 1.00
1012 300 0.75
1012 301 0.75
1012 302 0.50
1012 303 1.00
1012 304 1.00
1012 305 0.50
1012 306 0.25
1012 307 0.75
1012 308 0.00
1012 312 0.25
1012 313 0.25
1012 309 0.00
1012 310 1.00
1013 300 0.75
1013 301 0.25
1013 302 0.25
1013 303 1.00
1013 304 1.00
1013 305 0.50
1013 306 0.50
1013 307 0.75
1013 308 0.00
1013 312 1.00
1013 313 0.25
1013 309 0.00
1013 310 1.00
1014 300 0.50
1014 301 0.75
1014 302 0.75
1014 303 0.25
1014 304 1.00
1014 305 0.50
1014 306 0.00
1014 307 0.50
1014 308 0.00
1014 312 0.25
1014 313 0.00
1014 309 0.00
1014 310 0.50
1015 300 0.75
1015 301 0.00
1015 302 0.25
1015 303 0.75
1015 304 0.25
1015 305 0.25
1015 306 1.00
1015 307 0.50
1015 308 0.00
1015 312 1.00
1015 313 1.00
1015 309 0.00
1015 310 0.00
1016 300 0.75
1016 301 0.75
1016 302 0.75
1016 303 0.75
1016 304 1.00
1016 305 0.50
1016 306 0.25
1016 307 0.75
1016 308 0.00
1016 312 1.00
1016 313 0.00
1016 309 0.00
1016 310 1.00
1017 300 0.75
1017 301 0.25
1017 302 0.50
1017 303 0.25
1017 304 0.25
1017 305 0.50
1017 306 0.75
1017 307 0.50
1017 308 0.00
1017 312 0.75
1017 313 1.00
1017 309 0.00
1017 310 0.75
1018 300 0.50
1018 301 0.25
1018 302 0.25
1018 303 0.75
1018 304 0.25
1018 305 0.75
1018 306 0.50
1018 307 0.50
1018 308 0.00
1018 312 1.00
1018 313 0.75
1018 309 0.75
1018 310 0.25
1019 300 1.00
1019 301 0.00
1019 302 0.00
1019 303 1.00
1019 304 0.75
1019 305 0.25
1019 306 0.75
1019 307 0.50
1019 308 0.00
1019 312 1.00
1019 313 1.00
1019 309 0.00
1019 310 1.00
1020 300 0.50
1020 301 0.25
1020 302 0.75
1020 303 0.75
1020 304 0.75
1020 305 0.25
1020 306 0.00
1020 307 0.50
1020 308 0.00
1020 312 1.00
1020 313 0.00
1020 309 0.00
1020 310 1.00
1021 300 1.00
1021 301 0.25
1021 302 0.25
1021 303 0.75
1021 304 0.25
1021 305 0.25
1021 306 0.75
1021 307 0.50
1021 308 0.00
1021 312 1.00
1021 313 1.00
1021 309 0.00
1021 310 1.00
1022 300 1.00
1022 301 0.00
1022 302 0.25
1022 303 0.75
1022 304 0.75
1022 305 0.25
1022 306 0.75
1022 307 0.50
1022 308 0.00
1022 312 1.00
1022 313 1.00
1022 309 0.00
1022 310 1.00
1023 300 0.25
1023 301 0.75
1023 302 0.75
1023 303 0.25
1023 304 0.75
1023 305 0.50
1023 306 0.25
1023 307 0.75
1023 308 0.00
1023 312 1.00
1023 313 0.50
1023 309 0.00
1023 310 1.00
1024 300 0.75
1024 301 0.25
1024 302 0.50
1024 303 0.75
1024 304 0.75
1024 305 0.25
1024 306 0.25
1024 307 0.75
1024 308 0.00
1024 312 1.00
1024 313 0.25
1024 309 0.00
1024 310 1.00
1025 300 0.75
1025 301 0.25
1025 302 0.25
1025 303 0.75
1025 304 1.00
1025 305 0.25
1025 306 0.50
1025 307 0.75
1025 308 0.00
1025 312 1.00
1025 313 0.75
1025 309 0.00
1025 310 1.00
1026 300 0.50
1026 301 0.25
1026 302 0.50
1026 303 0.25
1026 304 0.25
1026 305 0.75
1026 306 0.50
1026 307 0.25
1026 308 0.00
1026 312 1.00
1026 313 0.50
1026 309 1.00
1026 310 1.00
1027 300 0.75
1027 301 1.00
1027 302 0.75
1027 303 0.75
1027 304 0.50
1027 305 0.75
1027 306 0.00
1027 307 0.50
1027 308 0.25
1027 312 1.00
1027 313 0.50
1027 309 0.00
1027 310 0.00
1028 300 0.50
1028 301 0.75
1028 302 0.75
1028 303 0.75
1028 304 1.00
1028 305 0.25
1028 306 0.50
1028 307 0.75
1028 308 0.00
1028 312 0.25
1028 313 1.00
1028 309 0.00
1028 310 0.00
1029 300 0.75
1029 301 0.25
1029 302 0.50
1029 303 0.25
1029 304 0.50
1029 305 0.75
1029 306 0.75
1029 307 0.50
1029 308 0.00
1029 312 1.00
1029 313 1.00
1029 309 0.00
1029 310 1.00
1030 300 0.75
1030 301 0.00
1030 302 0.00
1030 303 0.75
1030 304 0.75
1030 305 0.25
1030 306 0.50
1030 307 0.50
1030 308 0.00
1030 312 1.00
1030 313 1.00
1030 309 0.00
1030 310 1.00
1031 300 0.50
1031 301 0.25
1031 302 0.75
1031 303 0.25
1031 304 0.75
1031 305 0.75
1031 306 0.25
1031 307 0.50
1031 308 0.00
1031 312 1.00
1031 313 1.00
1031 309 0.00
1031 310 1.00
1032 300 0.50
1032 301 0.75
1032 302 0.75
1032 303 0.75
1032 304 1.00
1032 305 0.50
1032 306 0.25
1032 307 0.50
1032 308 0.00
1032 312 0.75
1032 313 1.00
1032 309 0.50
1032 310 0.25
1033 300 0.50
1033 301 0.75
1033 302 0.50
1033 303 0.75
1033 304 0.75
1033 305 0.50
1033 306 0.25
1033 307 0.50
1033 308 0.25
1033 312 0.25
1033 313 0.00
1033 309 0.00
1033 310 0.00
1034 300 0.50
1034 301 0.50
1034 302 0.75
1034 303 0.75
1034 304 1.00
1034 305 0.75
1034 306 0.25
1034 307 0.50
1034 308 0.00
1034 312 0.75
1034 313 1.00
1034 309 0.25
1034 310 0.75
1035 300 0.75
1035 301 0.75
1035 302 1.00
1035 303 0.75
1035 304 1.00
1035 305 0.75
1035 306 0.00
1035 307 0.25
1035 308 0.00
1035 312 1.00
1035 313 1.00
1035 309 0.00
1035 310 0.75
1036 300 0.75
1036 301 0.75
1036 302 0.75
1036 303 0.75
1036 304 1.00
1036 305 0.50
1036 306 0.25
1036 307 0.50
1036 308 0.25
1036 312 0.50
1036 313 0.00
1036 309 0.25
1036 310 0.00
1037 300 0.50
1037 301 0.75
1037 302 0.50
1037 303 0.75
1037 304 1.00
1037 305 0.75
1037 306 0.00
1037 307 0.25
1037 308 0.00
1037 312 0.75
1037 313 0.75
1037 309 0.00
1037 310 0.75
1038 300 0.75
1038 301 0.25
1038 302 0.50
1038 303 0.75
1038 304 1.00
1038 305 0.50
1038 306 0.00
1038 307 0.25
1038 308 0.25
1038 312 1.00
1038 313 0.75
1038 309 0.00
1038 310 1.00
1039 300 0.50
1039 301 0.25
1039 302 0.75
1039 303 0.50
1039 304 0.75
1039 305 0.50
1039 306 0.00
1039 307 0.25
1039 308 0.00
1039 312 1.00
1039 313 1.00
1039 309 0.00
1039 310 1.00
1040 300 0.75
1040 301 0.75
1040 302 1.00
1040 303 1.00
1040 304 1.00
1040 305 1.00
1040 306 0.00
1040 307 0.25
1040 308 0.00
1040 312 1.00
1040 313 0.75
1040 309 0.00
1040 310 1.00
1041 300 0.50
1041 301 0.75
1041 302 0.75
1041 303 0.75
1041 304 0.75
1041 305 1.00
1041 306 0.25
1041 307 0.75
1041 308 0.50
1041 312 1.00
1041 313 0.25
1041 309 0.00
1041 310 1.00
1042 300 0.75
1042 301 0.50
1042 302 0.75
1042 303 0.25
1042 304 1.00
1042 305 0.50
1042 306 0.25
1042 307 0.25
1042 308 0.00
1042 312 1.00
1042 313 0.75
1042 309 0.00
1042 310 1.00
1043 300 0.50
1043 301 0.25
1043 302 0.25
1043 303 0.75
1043 304 0.75
1043 305 0.75
1043 306 0.25
1043 307 0.50
1043 308 0.00
1043 312 0.75
1043 313 1.00
1043 309 0.25
1043 310 0.00
1044 300 0.25
1044 301 0.25
1044 302 0.75
1044 303 0.25
1044 304 0.75
1044 305 1.00
1044 306 0.00
1044 307 0.25
1044 308 0.00
1044 312 1.00
1044 313 0.75
1044 309 0.00
1044 310 1.00
1045 300 0.50
1045 301 0.75
1045 302 0.75
1045 303 0.75
1045 304 0.75
1045 305 0.75
1045 306 0.25
1045 307 0.50
1045 308 0.25
1045 312 0.75
1045 313 0.00
1045 309 0.25
1045 310 0.00
1046 300 0.50
1046 301 0.75
1046 302 1.00
1046 303 0.50
1046 304 1.00
1046 305 0.75
1046 306 0.00
1046 307 0.25
1046 308 0.00
1046 312 1.00
1046 313 1.00
1046 309 0.50
1046 310 0.50
1047 300 0.50
1047 301 0.75
1047 302 0.75
1047 303 0.50
1047 304 0.75
1047 305 0.75
1047 306 0.00
1047 307 0.25
1047 308 0.00
1047 312 0.75
1047 313 0.00
1047 309 0.00
1047 310 1.00
1048 300 0.75
1048 301 0.75
1048 302 0.50
1048 303 0.75
1048 304 1.00
1048 305 0.75
1048 306 0.25
1048 307 0.50
1048 308 0.00
1048 312 0.75
1048 313 1.00
1048 309 0.00
1048 310 1.00
1049 300 0.50
1049 301 0.25
1049 302 0.75
1049 303 0.75
1049 304 0.75
1049 305 0.75
1049 306 0.00
1049 307 0.25
1049 308 0.00
1049 312 0.75
1049 313 1.00
1049 309 0.50
1049 310 1.00
1050 300 0.75
1050 301 0.75
1050 302 1.00
1050 303 0.50
1050 304 1.00
1050 305 0.50
1050 306 0.25
1050 307 0.75
1050 308 0.00
1050 312 0.75
1050 313 1.00
1050 309 0.25
1050 310 0.75
1051 300 0.50
1051 301 0.75
1051 302 1.00
1051 303 0.75
1051 304 0.75
1051 305 1.00
1051 306 0.00
1051 307 0.25
1051 308 0.25
1051 312 0.50
1051 313 0.50
1051 309 0.00
1051 310 1.00
1052 300 0.75
1052 301 0.25
1052 302 0.75
1052 303 0.75
1052 304 0.75
1052 305 1.00
1052 306 0.00
1052 307 0.25
1052 308 0.00
1052 312 0.75
1052 313 0.50
1052 309 0.50
1052 310 1.00
1053 300 0.75
1053 301 0.50
1053 302 0.50
1053 303 0.75
1053 304 1.00
1053 305 0.75
1053 306 0.00
1053 307 0.25
1053 308 0.00
1053 312 0.50
1053 313 0.25
1053 309 1.00
1053 310 1.00
1054 300 0.50
1054 301 1.00
1054 302 1.00
1054 303 0.25
1054 304 0.75
1054 305 0.75
1054 306 0.00
1054 307 0.25
1054 308 0.00
1054 312 0.50
1054 313 0.25
1054 309 0.75
1054 310 0.25
1055 300 0.50
1055 301 0.25
1055 302 0.50
1055 303 0.25
1055 304 0.75
1055 305 0.75
1055 306 0.50
1055 307 0.50
1055 308 0.00
1055 312 1.00
1055 313 0.75
1055 309 0.75
1055 310 0.25
1056 300 0.75
1056 301 0.50
1056 302 0.75
1056 303 1.00
1056 304 0.75
1056 305 0.75
1056 306 0.00
1056 307 0.50
1056 308 0.25
1056 312 0.75
1056 313 0.25
1056 309 0.25
1056 310 0.25
1057 300 0.50
1057 301 0.75
1057 302 1.00
1057 303 0.75
1057 304 1.00
1057 305 0.75
1057 306 0.00
1057 307 0.25
1057 308 0.00
1057 312 0.25
1057 313 0.50
1057 309 1.00
1057 310 1.00
1058 300 0.75
1058 301 0.50
1058 302 0.25
1058 303 1.00
1058 304 1.00
1058 305 0.75
1058 306 0.00
1058 307 0.25
1058 308 0.00
1058 312 0.75
1058 313 0.75
1058 309 0.00
1058 310 1.00
1059 300 0.50
1059 301 0.75
1059 302 0.50
1059 303 0.75
1059 304 1.00
1059 305 0.75
1059 306 0.00
1059 307 0.25
1059 308 0.00
1059 312 1.00
1059 313 1.00
1059 309 0.75
1059 310 1.00
1060 300 0.50
1060 301 0.75
1060 302 1.00
1060 303 0.50
1060 304 0.75
1060 305 0.75
1060 306 0.00
1060 307 0.25
1060 308 0.50
1060 312 0.75
1060 313 0.75
1060 309 0.25
1060 310 0.25
1061 300 0.50
1061 301 0.75
1061 302 0.50
1061 303 0.75
1061 304 1.00
1061 305 0.75
1061 306 0.00
1061 307 0.50
1061 308 0.00
1061 312 0.75
1061 313 0.50
1061 309 0.75
1061 310 1.00
1062 300 0.75
1062 301 0.50
1062 302 0.75
1062 303 1.00
1062 304 1.00
1062 305 0.75
1062 306 0.00
1062 307 0.50
1062 308 0.00
1062 312 0.25
1062 313 0.25
1062 309 0.00
1062 310 1.00
1063 300 0.50
1063 301 0.75
1063 302 0.75
1063 303 0.75
1063 304 1.00
1063 305 0.75
1063 306 0.00
1063 307 0.25
1063 308 0.00
1063 312 0.75
1063 313 1.00
1063 309 0.75
1063 310 1.00
1064 300 0.50
1064 301 0.75
1064 302 1.00
1064 303 0.75
1064 304 0.75
1064 305 1.00
1064 306 0.00
1064 307 0.25
1064 308 0.00
1064 312 0.75
1064 313 0.75
1064 309 0.75
1064 310 0.00
1065 300 0.50
1065 301 0.75
1065 302 0.75
1065 303 1.00
1065 304 1.00
1065 305 1.00
1065 306 0.00
1065 307 0.25
1065 308 0.00
1065 312 1.00
1065 313 0.50
1065 309 1.00
1065 310 1.00
1066 300 0.75
1066 301 0.75
1066 302 0.50
1066 303 0.75
1066 304 1.00
1066 305 0.50
1066 306 0.00
1066 307 0.50
1066 308 0.00
1066 312 1.00
1066 313 0.00
1066 309 0.00
1066 310 1.00
1067 300 0.25
1067 301 0.75
1067 302 1.00
1067 303 0.75
1067 304 1.00
1067 305 1.00
1067 306 0.00
1067 307 0.50
1067 308 0.00
1067 312 0.75
1067 313 0.75
1067 309 0.75
1067 310 0.25
1068 300 0.50
1068 301 0.75
1068 302 0.75
1068 303 1.00
1068 304 0.75
1068 305 1.00
1068 306 0.00
1068 307 0.50
1068 308 0.00
1068 312 0.00
1068 313 0.00
1068 309 1.00
1068 310 1.00
1069 300 0.75
1069 301 0.25
1069 302 0.75
1069 303 0.25
1069 304 1.00
1069 305 1.00
1069 306 0.00
1069 307 0.25
1069 308 0.00
1069 312 1.00
1069 313 0.50
1069 309 0.75
1069 310 0.25
1070 300 0.25
1070 301 0.00
1070 302 0.25
1070 303 0.00
1070 304 0.25
1070 305 0.75
1070 306 0.50
1070 307 0.25
1070 308 0.00
1070 312 1.00
1070 313 1.00
1070 309 0.00
1070 310 1.00
1071 300 0.50
1071 301 0.25
1071 302 0.50
1071 303 0.75
1071 304 0.75
1071 305 1.00
1071 306 0.00
1071 307 0.50
1071 308 0.00
1071 312 1.00
1071 313 0.75
1071 309 0.75
1071 310 1.00
1072 300 0.50
1072 301 0.75
1072 302 0.75
1072 303 0.25
1072 304 0.75
1072 305 1.00
1072 306 0.00
1072 307 0.25
1072 308 0.00
1072 312 1.00
1072 313 0.75
1072 309 1.00
1072 310 1.00
1073 300 0.50
1073 301 0.25
1073 302 0.75
1073 303 1.00
1073 304 0.75
1073 305 1.00
1073 306 0.00
1073 307 0.25
1073 308 1.00
1073 312 1.00
1073 313 0.75
1073 309 0.75
1073 310 0.00
1074 300 0.25
1074 301 0.75
1074 302 0.75
1074 303 0.25
1074 304 0.50
1074 305 1.00
1074 306 0.00
1074 307 0.25
1074 308 0.00
1074 312 0.00
1074 313 0.00
1074 309 1.00
1074 310 1.00
1075 300 0.75
1075 301 0.25
1075 302 0.25
1075 303 1.00
1075 304 1.00
1075 305 0.75
1075 306 0.00
1075 307 0.50
1075 308 0.00
1075 312 1.00
1075 313 0.75
1075 309 1.00
1075 310 1.00
1076 300 0.75
1076 301 1.00
1076 302 1.00
1076 303 0.25
1076 304 1.00
1076 305 1.00
1076 306 0.00
1076 307 0.25
1076 308 0.00
1076 312 0.25
1076 313 0.25
1076 309 0.75
1076 310 0.25
1077 300 0.75
1077 301 0.25
1077 302 0.25
1077 303 0.75
1077 304 1.00
1077 305 0.75
1077 306 0.00
1077 307 0.25
1077 308 0.00
1077 312 1.00
1077 313 0.75
1077 309 1.00
1077 310 0.75
1078 300 0.50
1078 301 0.75
1078 302 0.50
1078 303 0.75
1078 304 0.25
1078 305 1.00
1078 306 0.00
1078 307 0.25
1078 308 0.00
1078 312 0.00
1078 313 0.00
1078 309 1.00
1078 310 0.25
1079 300 0.25
1079 301 0.00
1079 302 0.75
1079 303 0.25
1079 304 0.75
1079 305 1.00
1079 306 0.00
1079 307 0.00
1079 308 0.00
1079 312 1.00
1079 313 0.25
1079 309 0.00
1079 310 1.00
1080 300 0.50
1080 301 0.25
1080 302 0.25
1080 303 0.75
1080 304 0.75
1080 305 1.00
1080 306 0.00
1080 307 0.25
1080 308 0.00
1080 312 1.00
1080 313 1.00
1080 309 0.75
1080 310 0.00
1081 300 0.75
1081 301 0.75
1081 302 1.00
1081 303 0.75
1081 304 0.75
1081 305 1.00
1081 306 0.00
1081 307 0.25
1081 308 0.00
1081 312 0.75
1081 313 0.25
1081 309 1.00
1081 310 1.00
1082 300 0.75
1082 301 0.25
1082 302 0.25
1082 303 0.75
1082 304 1.00
1082 305 1.00
1082 306 0.00
1082 307 0.50
1082 308 0.00
1082 312 1.00
1082 313 1.00
1082 309 1.00
1082 310 1.00
1083 300 0.25
1083 301 0.75
1083 302 1.00
1083 303 0.25
1083 304 0.25
1083 305 0.75
1083 306 0.25
1083 307 0.50
1083 308 0.00
1083 312 1.00
1083 313 0.25
1083 309 0.75
1083 310 1.00
1084 300 0.50
1084 301 0.75
1084 302 0.75
1084 303 0.75
1084 304 0.50
1084 305 1.00
1084 306 0.75
1084 307 0.50
1084 308 0.50
1084 312 0.25
1084 313 0.50
1084 309 0.75
1084 310 0.25
1085 300 0.50
1085 301 0.75
1085 302 0.75
1085 303 0.25
1085 304 0.75
1085 305 1.00
1085 306 0.00
1085 307 0.25
1085 308 0.25
1085 312 0.75
1085 313 0.25
1085 309 0.75
1085 310 0.25
1086 300 0.50
1086 301 0.75
1086 302 0.75
1086 303 0.75
1086 304 0.50
1086 305 1.00
1086 306 0.25
1086 307 0.50
1086 308 0.25
1086 312 0.25
1086 313 0.75
1086 309 0.75
1086 310 0.00
1087 300 0.75
1087 301 0.25
1087 302 0.25
1087 303 1.00
1087 304 1.00
1087 305 0.75
1087 306 0.00
1087 307 0.50
1087 308 0.00
1087 312 0.75
1087 313 0.75
1087 309 0.75
1087 310 0.50
1088 300 0.50
1088 301 0.75
1088 302 1.00
1088 303 0.75
1088 304 0.75
1088 305 1.00
1088 306 0.00
1088 307 0.25
1088 308 0.00
1088 312 0.75
1088 313 0.00
1088 309 0.50
1088 310 0.00
1089 300 0.50
1089 301 0.75
1089 302 1.00
1089 303 0.75
1089 304 0.75
1089 305 1.00
1089 306 0.00
1089 307 0.50
1089 308 0.00
1089 312 0.25
1089 313 0.50
1089 309 1.00
1089 310 0.75
1090 300 0.75
1090 301 1.00
1090 302 1.00
1090 303 1.00
1090 304 0.75
1090 305 0.75
1090 306 0.00
1090 307 0.50
1090 308 0.00
1090 312 0.25
1090 313 0.25
1090 309 0.25
1090 310 0.00
1091 300 0.75
1091 301 0.25
1091 302 0.75
1091 303 0.75
1091 304 1.00
1091 305 0.75
1091 306 0.00
1091 307 0.50
1091 308 0.00
1091 312 1.00
1091 313 0.25
1091 309 0.00
1091 310 0.00
1092 300 0.75
1092 301 0.25
1092 302 0.50
1092 303 1.00
1092 304 1.00
1092 305 0.75
1092 306 0.25
1092 307 0.50
1092 308 0.25
1092 312 0.75
1092 313 0.50
1092 309 1.00
1092 310 0.75
1093 300 0.75
1093 301 0.25
1093 302 0.50
1093 303 1.00
1093 304 0.75
1093 305 0.75
1093 306 0.50
1093 307 0.50
1093 308 0.00
1093 312 1.00
1093 313 0.00
1093 309 0.00
1093 310 1.00
1094 300 0.75
1094 301 0.25
1094 302 0.25
1094 303 0.75
1094 304 1.00
1094 305 0.75
1094 306 0.25
1094 307 0.50
1094 308 0.00
1094 312 0.75
1094 313 1.00
1094 309 0.25
1094 310 1.00
1095 300 0.75
1095 301 0.75
1095 302 0.50
1095 303 0.75
1095 304 1.00
1095 305 1.00
1095 306 0.00
1095 307 0.75
1095 308 0.00
1095 312 0.75
1095 313 0.75
1095 309 1.00
1095 310 1.00
1096 300 0.75
1096 301 0.25
1096 302 0.25
1096 303 1.00
1096 304 1.00
1096 305 0.25
1096 306 0.50
1096 307 0.75
1096 308 0.00
1096 312 0.75
1096 313 1.00
1096 309 0.75
1096 310 0.75
1097 300 0.75
1097 301 0.25
1097 302 1.00
1097 303 1.00
1097 304 1.00
1097 305 0.75
1097 306 0.50
1097 307 0.25
1097 308 0.00
1097 312 1.00
1097 313 1.00
1097 309 0.00
1097 310 0.75
1098 300 0.75
1098 301 0.25
1098 302 0.50
1098 303 0.75
1098 304 0.75
1098 305 0.75
1098 306 0.25
1098 307 0.25
1098 308 0.00
1098 312 1.00
1098 313 0.00
1098 309 0.00
1098 310 1.00
1099 300 0.75
1099 301 0.50
1099 302 0.50
1099 303 1.00
1099 304 1.00
1099 305 0.75
1099 306 0.25
1099 307 0.50
1099 308 0.50
1099 312 1.00
1099 313 1.00
1099 309 1.00
1099 310 1.00
1100 300 0.75
1100 301 0.75
1100 302 1.00
1100 303 1.00
1100 304 1.00
1100 305 0.75
1100 306 0.25
1100 307 0.50
1100 308 0.25
1100 312 0.75
1100 313 0.25
1100 309 0.00
1100 310 1.00
1101 300 0.75
1101 301 0.25
1101 302 0.25
1101 303 0.75
1101 304 1.00
1101 305 0.75
1101 306 0.25
1101 307 0.50
1101 308 0.00
1101 312 1.00
1101 313 0.75
1101 309 0.00
1101 310 1.00
1102 300 0.50
1102 301 0.75
1102 302 0.75
1102 303 0.75
1102 304 0.75
1102 305 1.00
1102 306 0.00
1102 307 0.75
1102 308 0.00
1102 312 0.25
1102 313 0.50
1102 309 0.00
1102 310 0.50
1103 300 0.25
1103 301 0.00
1103 302 0.75
1103 303 0.25
1103 304 0.75
1103 305 1.00
1103 306 0.00
1103 307 0.25
1103 308 0.00
1103 312 1.00
1103 313 0.00
1103 309 0.00
1103 310 1.00
1104 300 0.50
1104 301 0.75
1104 302 0.75
1104 303 0.75
1104 304 0.75
1104 305 1.00
1104 306 0.25
1104 307 0.75
1104 308 0.00
1104 312 0.00
1104 313 0.25
1104 309 0.00
1104 310 0.00
1105 300 1.00
1105 301 0.75
1105 302 1.00
1105 303 0.75
1105 304 0.75
1105 305 0.75
1105 306 0.00
1105 307 0.25
1105 308 0.00
1105 312 1.00
1105 313 0.50
1105 309 0.00
1105 310 0.00
1106 300 0.75
1106 301 0.25
1106 302 0.25
1106 303 0.75
1106 304 0.75
1106 305 1.00
1106 306 0.50
1106 307 0.50
1106 308 0.00
1106 312 1.00
1106 313 0.50
1106 309 0.00
1106 310 1.00
1107 300 0.75
1107 301 0.75
1107 302 0.75
1107 303 1.00
1107 304 0.75
1107 305 1.00
1107 306 0.25
1107 307 0.75
1107 308 0.00
1107 312 1.00
1107 313 0.75
1107 309 0.00
1107 310 0.75
1108 300 0.50
1108 301 0.25
1108 302 0.75
1108 303 0.75
1108 304 0.75
1108 305 1.00
1108 306 0.00
1108 307 0.50
1108 308 0.00
1108 312 0.25
1108 313 0.00
1108 309 0.00
1108 310 1.00
1109 300 0.75
1109 301 0.25
1109 302 0.50
1109 303 0.75
1109 304 0.50
1109 305 1.00
1109 306 0.50
1109 307 0.75
1109 308 1.00
1109 312 1.00
1109 313 0.75
1109 309 0.00
1109 310 1.00
1110 300 0.75
1110 301 0.75
1110 302 0.50
1110 303 1.00
1110 304 1.00
1110 305 0.25
1110 306 0.50
1110 307 0.75
1110 308 0.00
1110 312 0.75
1110 313 0.00
1110 309 0.75
1110 310 1.00
1111 300 0.50
1111 301 0.50
1111 302 0.75
1111 303 0.75
1111 304 0.75
1111 305 0.75
1111 306 0.00
1111 307 0.75
1111 308 0.00
1111 312 0.25
1111 313 0.75
1111 309 0.00
1111 310 0.75
1112 300 0.75
1112 301 0.75
1112 302 1.00
1112 303 0.75
1112 304 0.75
1112 305 0.25
1112 306 0.50
1112 307 0.75
1112 308 0.25
1112 312 0.00
1112 313 0.25
1112 309 1.00
1112 310 0.25
1113 300 0.50
1113 301 0.75
1113 302 0.75
1113 303 0.75
1113 304 0.75
1113 305 1.00
1113 306 0.00
1113 307 0.50
1113 308 0.00
1113 312 0.75
1113 313 1.00
1113 309 0.75
1113 310 0.50
1114 300 0.50
1114 301 1.00
1114 302 0.75
1114 303 0.75
1114 304 0.75
1114 305 0.50
1114 306 0.00
1114 307 1.00
1114 308 0.00
1114 312 0.00
1114 313 0.00
1114 309 1.00
1114 310 0.50
1115 300 0.75
1115 301 0.25
1115 302 0.25
1115 303 0.75
1115 304 1.00
1115 305 0.75
1115 306 0.50
1115 307 0.75
1115 308 0.00
1115 312 0.75
1115 313 1.00
1115 309 0.00
1115 310 0.25
1116 300 0.50
1116 301 0.75
1116 302 1.00
1116 303 0.25
1116 304 0.75
1116 305 1.00
1116 306 0.00
1116 307 0.75
1116 308 0.50
1116 312 0.75
1116 313 0.50
1116 309 1.00
1116 310 0.00
1117 300 0.75
1117 301 0.75
1117 302 0.50
1117 303 0.75
1117 304 1.00
1117 305 0.50
1117 306 0.25
1117 307 0.75
1117 308 0.00
1117 312 1.00
1117 313 1.00
1117 309 0.00
1117 310 0.00
1118 300 0.75
1118 301 0.75
1118 302 1.00
1118 303 0.50
1118 304 0.75
1118 305 0.75
1118 306 0.00
1118 307 0.75
1118 308 0.00
1118 312 0.25
1118 313 0.00
1118 309 1.00
1118 310 0.00
1119 300 0.75
1119 301 0.75
1119 302 1.00
1119 303 0.75
1119 304 0.75
1119 305 1.00
1119 306 0.25
1119 307 0.75
1119 308 0.00
1119 312 0.00
1119 313 0.00
1119 309 1.00
1119 310 0.00
1120 300 0.75
1120 301 0.75
1120 302 0.75
1120 303 1.00
1120 304 1.00
1120 305 0.50
1120 306 0.25
1120 307 1.00
1120 308 0.25
1120 312 0.00
1120 313 0.00
1120 309 0.75
1120 310 0.00
1121 300 0.75
1121 301 0.75
1121 302 0.50
1121 303 1.00
1121 304 1.00
1121 305 0.25
1121 306 0.25
1121 307 0.75
1121 308 0.00
1121 312 0.25
1121 313 0.75
1121 309 1.00
1121 310 0.00
1122 300 0.75
1122 301 0.75
1122 302 0.50
1122 303 0.75
1122 304 0.75
1122 305 0.75
1122 306 0.00
1122 307 1.00
1122 308 0.50
1122 312 0.75
1122 313 1.00
1122 309 1.00
1122 310 1.00
1123 300 0.75
1123 301 0.25
1123 302 0.50
1123 303 1.00
1123 304 0.75
1123 305 0.50
1123 306 0.50
1123 307 0.75
1123 308 0.00
1123 312 1.00
1123 313 1.00
1123 309 1.00
1123 310 0.00
1124 300 0.50
1124 301 0.50
1124 302 0.75
1124 303 0.75
1124 304 0.75
1124 305 0.75
1124 306 0.25
1124 307 0.75
1124 308 0.00
1124 312 0.75
1124 313 0.75
1124 309 1.00
1124 310 1.00
1125 300 0.50
1125 301 0.75
1125 302 0.50
1125 303 1.00
1125 304 1.00
1125 305 0.50
1125 306 0.25
1125 307 0.75
1125 308 0.00
1125 312 0.75
1125 313 0.00
1125 309 1.00
1125 310 1.00
1126 300 0.75
1126 301 1.00
1126 302 1.00
1126 303 0.75
1126 304 0.75
1126 305 0.75
1126 306 0.00
1126 307 1.00
1126 308 0.25
1126 312 0.00
1126 313 0.00
1126 309 1.00
1126 310 0.00
1127 300 0.75
1127 301 0.75
1127 302 1.00
1127 303 0.75
1127 304 0.75
1127 305 0.75
1127 306 0.00
1127 307 0.75
1127 308 0.25
1127 312 0.25
1127 313 0.75
1127 309 1.00
1127 310 1.00
1128 300 0.75
1128 301 0.75
1128 302 0.75
1128 303 0.75
1128 304 1.00
1128 305 1.00
1128 306 0.00
1128 307 0.75
1128 308 0.25
1128 312 1.00
1128 313 0.50
1128 309 1.00
1128 310 1.00
1129 300 0.75
1129 301 0.75
1129 302 1.00
1129 303 0.25
1129 304 0.75
1129 305 1.00
1129 306 0.00
1129 307 0.75
1129 308 0.00
1129 312 0.75
1129 313 0.25
1129 309 0.00
1129 310 1.00
1130 300 0.50
1130 301 0.75
1130 302 1.00
1130 303 0.75
1130 304 0.75
1130 305 0.75
1130 306 0.00
1130 307 1.00
1130 308 0.25
1130 312 0.25
1130 313 0.25
1130 309 0.75
1130 310 1.00
1131 300 0.25
1131 301 0.75
1131 302 1.00
1131 303 0.50
1131 304 0.75
1131 305 1.00
1131 306 0.00
1131 307 0.75
1131 308 0.00
1131 312 0.25
1131 313 0.25
1131 309 0.00
1131 310 0.00
1132 300 0.75
1132 301 0.75
1132 302 0.75
1132 303 1.00
1132 304 0.75
1132 305 0.50
1132 306 0.00
1132 307 0.75
1132 308 0.00
1132 312 0.00
1132 313 0.00
1132 309 1.00
1132 310 0.50
1133 300 0.25
1133 301 0.75
1133 302 0.75
1133 303 0.25
1133 304 0.75
1133 305 0.75
1133 306 0.00
1133 307 0.50
1133 308 0.00
1133 312 1.00
1133 313 0.75
1133 309 0.00
1133 310 0.00
1134 300 0.50
1134 301 0.75
1134 302 0.75
1134 303 0.25
1134 304 0.25
1134 305 1.00
1134 306 0.25
1134 307 0.50
1134 308 0.00
1134 312 0.00
1134 313 0.25
1134 309 0.00
1134 310 0.00
1135 300 0.50
1135 301 0.75
1135 302 0.75
1135 303 0.25
1135 304 0.75
1135 305 0.75
1135 306 0.00
1135 307 1.00
1135 308 0.00
1135 312 1.00
1135 313 1.00
1135 309 0.00
1135 310 1.00
1136 300 0.50
1136 301 0.50
1136 302 0.75
1136 303 0.75
1136 304 0.50
1136 305 0.75
1136 306 0.50
1136 307 1.00
1136 308 0.00
1136 312 0.75
1136 313 1.00
1136 309 0.00
1136 310 0.25
1137 300 0.75
1137 301 0.75
1137 302 0.25
1137 303 0.50
1137 304 0.50
1137 305 1.00
1137 306 0.50
1137 307 0.75
1137 308 0.00
1137 312 0.25
1137 313 0.50
1137 309 0.00
1137 310 0.00
1138 300 0.25
1138 301 0.25
1138 302 0.50
1138 303 0.25
1138 304 0.25
1138 305 0.75
1138 306 0.00
1138 307 0.25
1138 308 0.00
1138 312 1.00
1138 313 1.00
1138 309 0.00
1138 310 0.75
1139 300 0.50
1139 301 0.50
1139 302 0.75
1139 303 0.25
1139 304 0.25
1139 305 0.75
1139 306 0.00
1139 307 0.50
1139 308 0.00
1139 312 0.50
1139 313 0.50
1139 309 0.00
1139 310 0.00
1140 300 0.50
1140 301 0.75
1140 302 0.50
1140 303 0.50
1140 304 0.75
1140 305 1.00
1140 306 0.00
1140 307 0.50
1140 308 0.00
1140 312 1.00
1140 313 1.00
1140 309 0.00
1140 310 0.00
1141 300 0.25
1141 301 0.75
1141 302 0.75
1141 303 0.25
1141 304 0.75
1141 305 1.00
1141 306 0.00
1141 307 0.75
1141 308 0.00
1141 312 0.25
1141 313 0.50
1141 309 0.00
1141 310 0.25
1142 300 0.75
1142 301 0.50
1142 302 0.75
1142 303 0.25
1142 304 0.50
1142 305 1.00
1142 306 0.50
1142 307 1.00
1142 308 0.00
1142 312 0.50
1142 313 1.00
1142 309 0.00
1142 310 0.00
1143 300 0.75
1143 301 0.25
1143 302 0.75
1143 303 0.25
1143 304 0.75
1143 305 0.75
1143 306 0.25
1143 307 0.50
1143 308 0.00
1143 312 1.00
1143 313 1.00
1143 309 0.00
1143 310 0.00
1144 300 0.25
1144 301 0.75
1144 302 0.75
1144 303 0.25
1144 304 0.50
1144 305 0.75
1144 306 0.00
1144 307 0.25
1144 308 0.00
1144 312 0.75
1144 313 0.50
1144 309 0.00
1144 310 0.00
1145 300 0.25
1145 301 0.25
1145 302 0.75
1145 303 0.75
1145 304 0.25
1145 305 0.75
1145 306 0.00
1145 307 1.00
1145 308 0.00
1145 312 1.00
1145 313 1.00
1145 309 0.00
1145 310 0.25
1146 300 0.75
1146 301 0.25
1146 302 1.00
1146 303 0.75
1146 304 0.75
1146 305 0.75
1146 306 0.00
1146 307 0.75
1146 308 0.00
1146 312 1.00
1146 313 1.00
1146 309 0.00
1146 310 1.00
1147 300 0.50
1147 301 0.50
1147 302 0.75
1147 303 0.25
1147 304 0.25
1147 305 0.75
1147 306 0.00
1147 307 0.25
1147 308 0.25
1147 312 0.75
1147 313 1.00
1147 309 0.00
1147 310 0.00
1148 300 0.25
1148 301 0.75
1148 302 0.75
1148 303 0.25
1148 304 0.25
1148 305 0.75
1148 306 0.00
1148 307 1.00
1148 308 0.00
1148 312 0.50
1148 313 0.50
1148 309 0.00
1148 310 0.25
1149 300 0.50
1149 301 0.75
1149 302 0.75
1149 303 0.25
1149 304 0.50
1149 305 0.75
1149 306 0.00
1149 307 1.00
1149 308 0.00
1149 312 0.50
1149 313 0.75
1149 309 0.00
1149 310 0.00
1150 300 0.25
1150 301 0.50
1150 302 0.75
1150 303 0.75
1150 304 0.50
1150 305 0.75
1150 306 0.00
1150 307 0.00
1150 308 0.00
1150 312 0.75
1150 313 1.00
1150 309 0.00
1150 310 0.00
1151 300 0.25
1151 301 0.75
1151 302 0.75
1151 303 0.75
1151 304 0.50
1151 305 1.00
1151 306 0.00
1151 307 0.50
1151 308 0.00
1151 312 0.75
1151 313 0.75
1151 309 0.00
1151 310 0.00
1152 300 0.50
1152 301 0.75
1152 302 1.00
1152 303 0.50
1152 304 0.75
1152 305 0.75
1152 306 0.25
1152 307 0.50
1152 308 0.00
1152 312 0.00
1152 313 0.00
1152 309 1.00
1152 310 1.00
1153 300 0.75
1153 301 0.75
1153 302 0.50
1153 303 0.75
1153 304 0.75
1153 305 0.75
1153 306 0.25
1153 307 1.00
1153 308 0.00
1153 312 0.75
1153 313 1.00
1153 309 0.00
1153 310 1.00
1154 300 0.75
1154 301 0.25
1154 302 0.25
1154 303 0.75
1154 304 0.50
1154 305 0.50
1154 306 0.75
1154 307 0.75
1154 308 0.00
1154 312 1.00
1154 313 0.50
1154 309 0.75
1154 310 0.00
1155 300 0.50
1155 301 0.25
1155 302 0.50
1155 303 0.75
1155 304 0.25
1155 305 1.00
1155 306 0.50
1155 307 1.00
1155 308 0.00
1155 312 0.25
1155 313 0.00
1155 309 0.00
1155 310 0.00
1156 300 0.75
1156 301 1.00
1156 302 0.75
1156 303 0.25
1156 304 0.00
1156 305 1.00
1156 306 0.50
1156 307 0.75
1156 308 0.50
1156 312 0.00
1156 313 0.00
1156 309 0.00
1156 310 0.00
1157 300 0.75
1157 301 0.75
1157 302 0.75
1157 303 0.75
1157 304 0.75
1157 305 0.75
1157 306 0.50
1157 307 0.75
1157 308 0.00
1157 312 0.50
1157 313 0.75
1157 309 0.50
1157 310 0.75
1158 300 0.50
1158 301 0.25
1158 302 0.75
1158 303 0.25
1158 304 0.75
1158 305 1.00
1158 306 0.00
1158 307 0.25
1158 308 0.50
1158 312 1.00
1158 313 1.00
1158 309 1.00
1158 310 1.00
1159 300 0.75
1159 301 0.25
1159 302 0.50
1159 303 1.00
1159 304 0.75
1159 305 0.50
1159 306 0.25
1159 307 0.75
1159 308 0.00
1159 312 1.00
1159 313 0.00
1159 309 1.00
1159 310 0.00
1160 300 0.25
1160 301 0.25
1160 302 0.50
1160 303 0.75
1160 304 0.25
1160 305 0.50
1160 306 0.25
1160 307 0.75
1160 308 0.00
1160 312 1.00
1160 313 1.00
1160 309 0.00
1160 310 1.00
1161 300 0.50
1161 301 0.75
1161 302 0.75
1161 303 0.75
1161 304 0.25
1161 305 0.75
1161 306 0.50
1161 307 1.00
1161 308 0.00
1161 312 0.00
1161 313 0.25
1161 309 0.00
1161 310 0.75
1162 300 0.75
1162 301 0.75
1162 302 0.75
1162 303 0.75
1162 304 0.50
1162 305 1.00
1162 306 0.00
1162 307 0.50
1162 308 0.75
1162 312 0.25
1162 313 0.75
1162 309 0.00
1162 310 0.00
1163 300 0.75
1163 301 0.00
1163 302 0.00
1163 303 1.00
1163 304 0.50
1163 305 0.75
1163 306 0.25
1163 307 0.50
1163 308 0.75
1163 312 1.00
1163 313 1.00
1163 309 0.00
1163 310 1.00
1164 300 0.75
1164 301 0.75
1164 302 0.50
1164 303 1.00
1164 304 0.50
1164 305 0.25
1164 306 0.25
1164 307 0.75
1164 308 0.25
1164 312 0.75
1164 313 0.25
1164 309 0.00
1164 310 1.00
1165 300 0.75
1165 301 0.25
1165 302 0.25
1165 303 0.75
1165 304 0.75
1165 305 0.50
1165 306 0.00
1165 307 0.75
1165 308 0.00
1165 312 1.00
1165 313 0.75
1165 309 0.00
1165 310 1.00
1166 300 0.25
1166 301 0.75
1166 302 0.75
1166 303 1.00
1166 304 0.50
1166 305 0.75
1166 306 0.00
1166 307 0.75
1166 308 0.00
1166 312 0.25
1166 313 1.00
1166 309 0.00
1166 310 1.00
1167 300 0.25
1167 301 0.00
1167 302 0.25
1167 303 1.00
1167 304 0.75
1167 305 0.75
1167 306 0.00
1167 307 0.75
1167 308 0.00
1167 312 1.00
1167 313 0.75
1167 309 0.00
1167 310 0.00
1168 300 0.50
1168 301 0.75
1168 302 0.25
1168 303 1.00
1168 304 0.75
1168 305 0.25
1168 306 0.00
1168 307 0.75
1168 308 0.00
1168 312 0.25
1168 313 0.50
1168 309 0.00
1168 310 0.00
1169 300 0.50
1169 301 0.75
1169 302 1.00
1169 303 1.00
1169 304 0.75
1169 305 0.25
1169 306 0.00
1169 307 0.75
1169 308 0.25
1169 312 0.50
1169 313 0.50
1169 309 0.25
1169 310 1.00
1170 300 0.75
1170 301 0.75
1170 302 0.50
1170 303 1.00
1170 304 0.75
1170 305 0.50
1170 306 0.00
1170 307 0.75
1170 308 0.25
1170 312 0.75
1170 313 0.75
1170 309 0.75
1170 310 0.25
1171 300 0.25
1171 301 0.75
1171 302 1.00
1171 303 1.00
1171 304 0.75
1171 305 0.50
1171 306 0.00
1171 307 0.75
1171 308 0.00
1171 312 0.25
1171 313 0.00
1171 309 0.25
1171 310 1.00
1172 300 0.75
1172 301 0.75
1172 302 1.00
1172 303 1.00
1172 304 0.25
1172 305 0.75
1172 306 0.50
1172 307 1.00
1172 308 0.50
1172 312 0.25
1172 313 0.50
1172 309 1.00
1172 310 0.25
1173 300 0.75
1173 301 0.25
1173 302 0.50
1173 303 1.00
1173 304 0.75
1173 305 0.75
1173 306 0.00
1173 307 0.75
1173 308 0.00
1173 312 1.00
1173 313 0.75
1173 309 1.00
1173 310 1.00
1174 300 0.50
1174 301 0.75
1174 302 0.50
1174 303 1.00
1174 304 0.75
1174 305 0.25
1174 306 0.00
1174 307 0.75
1174 308 0.00
1174 312 0.75
1174 313 0.50
1174 309 0.00
1174 310 0.75
1175 300 0.50
1175 301 0.00
1175 302 0.25
1175 303 0.75
1175 304 0.50
1175 305 0.25
1175 306 0.25
1175 307 0.75
1175 308 0.25
1175 312 1.00
1175 313 1.00
1175 309 0.75
1175 310 1.00
1176 300 0.50
1176 301 0.75
1176 302 0.75
1176 303 0.50
1176 304 0.25
1176 305 0.50
1176 306 0.00
1176 307 0.75
1176 308 0.00
1176 312 0.25
1176 313 0.00
1176 309 0.75
1176 310 0.00
1177 300 0.25
1177 301 0.75
1177 302 1.00
1177 303 0.75
1177 304 0.25
1177 305 0.50
1177 306 0.00
1177 307 0.75
1177 308 0.00
1177 312 0.50
1177 313 0.50
1177 309 0.25
1177 310 1.00
1178 300 0.25
1178 301 0.75
1178 302 1.00
1178 303 0.75
1178 304 0.50
1178 305 0.50
1178 306 0.00
1178 307 0.75
1178 308 0.00
1178 312 0.25
1178 313 0.00
1178 309 0.00
1178 310 1.00
1179 300 0.50
1179 301 0.25
1179 302 0.75
1179 303 1.00
1179 304 0.50
1179 305 0.25
1179 306 0.00
1179 307 0.50
1179 308 0.00
1179 312 1.00
1179 313 0.75
1179 309 0.00
1179 310 0.75
1180 300 0.50
1180 301 0.25
1180 302 0.75
1180 303 0.75
1180 304 0.25
1180 305 0.75
1180 306 0.75
1180 307 0.75
1180 308 0.00
1180 312 1.00
1180 313 1.00
1180 309 1.00
1180 310 0.00
1181 300 0.50
1181 301 0.75
1181 302 0.75
1181 303 0.75
1181 304 0.75
1181 305 1.00
1181 306 0.00
1181 307 0.75
1181 308 0.25
1181 312 0.25
1181 313 0.50
1181 309 0.00
1181 310 0.00
1182 300 0.50
1182 301 0.25
1182 302 0.75
1182 303 0.75
1182 304 0.25
1182 305 0.75
1182 306 0.75
1182 307 0.75
1182 308 0.00
1182 312 1.00
1182 313 1.00
1182 309 0.00
1182 310 0.00
1183 300 0.50
1183 301 0.75
1183 302 0.75
1183 303 1.00
1183 304 0.50
1183 305 0.50
1183 306 0.00
1183 307 0.75
1183 308 0.00
1183 312 0.75
1183 313 0.25
1183 309 0.00
1183 310 1.00
1184 300 0.50
1184 301 0.25
1184 302 0.75
1184 303 0.25
1184 304 0.75
1184 305 0.75
1184 306 0.00
1184 307 0.25
1184 308 0.00
1184 312 1.00
1184 313 0.00
1184 309 0.75
1184 310 0.00
1185 300 0.25
1185 301 0.25
1185 302 0.75
1185 303 0.00
1185 304 0.25
1185 305 1.00
1185 306 0.25
1185 307 0.25
1185 308 0.00
1185 312 1.00
1185 313 0.75
1185 309 0.50
1185 310 0.25
1186 300 0.25
1186 301 0.25
1186 302 0.75
1186 303 0.00
1186 304 0.50
1186 305 0.75
1186 306 0.00
1186 307 0.00
1186 308 0.00
1186 312 0.75
1186 313 1.00
1186 309 0.25
1186 310 1.00
1187 300 0.25
1187 301 0.00
1187 302 0.50
1187 303 0.25
1187 304 0.00
1187 305 0.75
1187 306 0.25
1187 307 0.25
1187 308 0.00
1187 312 1.00
1187 313 0.25
1187 309 0.75
1187 310 0.25
1188 300 0.25
1188 301 0.25
1188 302 0.75
1188 303 0.00
1188 304 0.00
1188 305 0.75
1188 306 0.25
1188 307 0.25
1188 308 0.00
1188 312 1.00
1188 313 0.75
1188 309 1.00
1188 310 1.00
1189 300 0.50
1189 301 0.25
1189 302 0.75
1189 303 0.25
1189 304 0.50
1189 305 0.75
1189 306 0.25
1189 307 0.25
1189 308 0.00
1189 312 1.00
1189 313 1.00
1189 309 1.00
1189 310 0.25
1190 300 0.50
1190 301 0.25
1190 302 0.75
1190 303 0.25
1190 304 0.25
1190 305 0.75
1190 306 0.50
1190 307 0.50
1190 308 0.00
1190 312 1.00
1190 313 1.00
1190 309 1.00
1190 310 1.00
1191 300 0.25
1191 301 0.25
1191 302 0.75
1191 303 0.25
1191 304 0.25
1191 305 0.75
1191 306 0.25
1191 307 0.25
1191 308 0.00
1191 312 1.00
1191 313 1.00
1191 309 1.00
1191 310 1.00
1192 300 0.25
1192 301 0.25
1192 302 1.00
1192 303 0.00
1192 304 0.25
1192 305 0.75
1192 306 0.25
1192 307 0.25
1192 308 0.00
1192 312 1.00
1192 313 1.00
1192 309 0.75
1192 310 1.00
1193 300 0.25
1193 301 0.25
1193 302 0.75
1193 303 0.00
1193 304 0.25
1193 305 0.75
1193 306 0.25
1193 307 0.50
1193 308 0.00
1193 312 0.75
1193 313 0.25
1193 309 0.75
1193 310 0.50
1194 300 0.50
1194 301 0.25
1194 302 0.50
1194 303 0.25
1194 304 0.50
1194 305 0.75
1194 306 0.25
1194 307 0.50
1194 308 0.00
1194 312 1.00
1194 313 1.00
1194 309 0.75
1194 310 0.75
1195 300 0.25
1195 301 0.00
1195 302 0.50
1195 303 0.00
1195 304 0.00
1195 305 0.75
1195 306 0.25
1195 307 0.25
1195 308 0.00
1195 312 1.00
1195 313 1.00
1195 309 1.00
1195 310 0.00
1196 300 0.75
1196 301 0.25
1196 302 0.75
1196 303 0.25
1196 304 0.75
1196 305 0.50
1196 306 0.75
1196 307 0.25
1196 308 0.00
1196 312 1.00
1196 313 0.75
1196 309 0.75
1196 310 1.00
1197 300 0.25
1197 301 0.25
1197 302 0.50
1197 303 0.25
1197 304 0.75
1197 305 0.75
1197 306 0.75
1197 307 0.50
1197 308 0.00
1197 312 0.75
1197 313 0.75
1197 309 0.75
1197 310 0.25
1198 300 0.25
1198 301 0.25
1198 302 0.75
1198 303 0.00
1198 304 0.25
1198 305 0.75
1198 306 0.50
1198 307 0.25
1198 308 0.00
1198 312 1.00
1198 313 1.00
1198 309 0.25
1198 310 0.00
1199 300 0.25
1199 301 0.25
1199 302 0.75
1199 303 0.25
1199 304 0.00
1199 305 0.75
1199 306 0.50
1199 307 0.25
1199 308 0.00
1199 312 0.75
1199 313 1.00
1199 309 1.00
1199 310 1.00
1200 300 0.50
1200 301 0.25
1200 302 0.75
1200 303 0.25
1200 304 0.25
1200 305 0.75
1200 306 0.50
1200 307 0.50
1200 308 0.00
1200 312 1.00
1200 313 0.25
1200 309 0.00
1200 310 0.50
1201 300 0.25
1201 301 0.25
1201 302 0.75
1201 303 0.25
1201 304 0.25
1201 305 0.75
1201 306 0.50
1201 307 0.50
1201 308 0.00
1201 312 0.75
1201 313 0.75
1201 309 1.00
1201 310 0.75
1202 300 0.50
1202 301 0.25
1202 302 0.75
1202 303 0.00
1202 304 0.25
1202 305 0.75
1202 306 0.25
1202 307 0.25
1202 308 0.00
1202 312 1.00
1202 313 0.25
1202 309 0.75
1202 310 0.50
1203 300 0.25
1203 301 0.25
1203 302 0.75
1203 303 0.25
1203 304 0.25
1203 305 0.75
1203 306 0.25
1203 307 0.25
1203 308 0.50
1203 312 1.00
1203 313 0.75
1203 309 1.00
1203 310 1.00
1204 300 0.75
1204 301 0.25
1204 302 1.00
1204 303 1.00
1204 304 0.75
1204 305 0.25
1204 306 0.25
1204 307 0.75
1204 308 0.00
1204 312 1.00
1204 313 1.00
1204 309 1.00
1204 310 1.00
1205 300 0.25
1205 301 0.50
1205 302 0.75
1205 303 0.25
1205 304 0.75
1205 305 0.75
1205 306 0.50
1205 307 0.50
1205 308 0.00
1205 312 0.75
1205 313 0.75
1205 309 1.00
1205 310 1.00
1206 300 0.75
1206 301 0.25
1206 302 0.50
1206 303 0.75
1206 304 1.00
1206 305 0.25
1206 306 0.25
1206 307 0.50
1206 308 0.00
1206 312 1.00
1206 313 0.00
1206 309 1.00
1206 310 0.75
1207 300 0.75
1207 301 0.75
1207 302 1.00
1207 303 1.00
1207 304 0.75
1207 305 0.50
1207 306 0.00
1207 307 0.75
1207 308 0.00
1207 312 0.25
1207 313 0.00
1207 309 1.00
1207 310 0.75
1208 300 0.50
1208 301 0.75
1208 302 0.75
1208 303 1.00
1208 304 1.00
1208 305 0.25
1208 306 0.50
1208 307 0.75
1208 308 0.00
1208 312 1.00
1208 313 0.25
1208 309 1.00
1208 310 1.00
1209 300 0.50
1209 301 0.75
1209 302 0.75
1209 303 0.75
1209 304 1.00
1209 305 0.25
1209 306 0.50
1209 307 0.75
1209 308 0.00
1209 312 0.75
1209 313 0.25
1209 309 1.00
1209 310 1.00
1210 300 0.50
1210 301 0.75
1210 302 0.75
1210 303 0.75
1210 304 1.00
1210 305 0.50
1210 306 0.25
1210 307 0.75
1210 308 0.00
1210 312 1.00
1210 313 0.25
1210 309 0.00
1210 310 1.00
1211 300 1.00
1211 301 0.75
1211 302 0.50
1211 303 1.00
1211 304 1.00
1211 305 0.25
1211 306 0.50
1211 307 0.75
1211 308 0.00
1211 312 0.75
1211 313 0.00
1211 309 1.00
1211 310 1.00
1212 300 0.75
1212 301 0.25
1212 302 0.75
1212 303 1.00
1212 304 0.75
1212 305 0.25
1212 306 0.50
1212 307 0.50
1212 308 0.00
1212 312 1.00
1212 313 0.25
1212 309 1.00
1212 310 1.00
1213 300 0.50
1213 301 0.75
1213 302 1.00
1213 303 0.50
1213 304 0.75
1213 305 0.25
1213 306 0.25
1213 307 0.50
1213 308 0.00
1213 312 0.50
1213 313 0.75
1213 309 1.00
1213 310 1.00
1214 300 0.75
1214 301 0.25
1214 302 0.25
1214 303 0.50
1214 304 0.75
1214 305 0.75
1214 306 0.50
1214 307 0.75
1214 308 0.00
1214 312 1.00
1214 313 0.75
1214 309 1.00
1214 310 1.00
1215 300 0.50
1215 301 0.25
1215 302 0.75
1215 303 0.50
1215 304 0.75
1215 305 1.00
1215 306 0.50
1215 307 0.75
1215 308 0.00
1215 312 1.00
1215 313 0.00
1215 309 1.00
1215 310 1.00
1216 300 0.25
1216 301 0.75
1216 302 1.00
1216 303 0.50
1216 304 0.50
1216 305 0.75
1216 306 0.25
1216 307 0.75
1216 308 0.25
1216 312 1.00
1216 313 1.00
1216 309 1.00
1216 310 1.00
1217 300 1.00
1217 301 0.75
1217 302 0.25
1217 303 1.00
1217 304 1.00
1217 305 0.25
1217 306 0.50
1217 307 0.75
1217 308 0.00
1217 312 0.25
1217 313 0.00
1217 309 1.00
1217 310 1.00
1218 300 0.75
1218 301 0.25
1218 302 0.50
1218 303 1.00
1218 304 1.00
1218 305 0.25
1218 306 0.50
1218 307 0.75
1218 308 0.00
1218 312 1.00
1218 313 0.75
1218 309 1.00
1218 310 1.00
1219 300 0.75
1219 301 1.00
1219 302 1.00
1219 303 1.00
1219 304 1.00
1219 305 0.50
1219 306 0.50
1219 307 0.50
1219 308 0.00
1219 312 0.00
1219 313 0.00
1219 309 0.25
1219 310 0.50
1220 300 0.75
1220 301 0.25
1220 302 0.25
1220 303 1.00
1220 304 1.00
1220 305 0.50
1220 306 0.25
1220 307 0.75
1220 308 0.00
1220 312 1.00
1220 313 0.50
1220 309 1.00
1220 310 0.25
1221 300 0.50
1221 301 0.25
1221 302 0.50
1221 303 0.75
1221 304 0.75
1221 305 1.00
1221 306 0.00
1221 307 0.00
1221 308 0.00
1221 312 1.00
1221 313 1.00
1221 309 0.75
1221 310 0.25
1222 300 0.75
1222 301 0.25
1222 302 0.25
1222 303 0.75
1222 304 0.25
1222 305 0.75
1222 306 0.75
1222 307 0.25
1222 308 0.00
1222 312 1.00
1222 313 0.75
1222 309 0.00
1222 310 0.75
1223 300 0.50
1223 301 1.00
1223 302 0.75
1223 303 0.25
1223 304 0.75
1223 305 1.00
1223 306 0.00
1223 307 0.25
1223 308 0.00
1223 312 0.00
1223 313 0.50
1223 309 0.25
1223 310 0.25
1224 300 0.00
1224 301 0.75
1224 302 0.75
1224 303 0.25
1224 304 0.50
1224 305 1.00
1224 306 0.00
1224 307 0.00
1224 308 0.00
1224 312 0.75
1224 313 0.50
1224 309 0.00
1224 310 0.50
1225 300 1.00
1225 301 0.25
1225 302 0.25
1225 303 0.75
1225 304 1.00
1225 305 1.00
1225 306 0.25
1225 307 0.25
1225 308 0.00
1225 312 0.00
1225 313 0.00
1225 309 0.50
1225 310 1.00
1226 300 0.75
1226 301 0.75
1226 302 0.75
1226 303 0.75
1226 304 0.25
1226 305 1.00
1226 306 0.75
1226 307 0.50
1226 308 0.00
1226 312 0.25
1226 313 0.25
1226 309 0.75
1226 310 1.00
1227 300 0.75
1227 301 0.25
1227 302 0.50
1227 303 0.75
1227 304 0.25
1227 305 0.75
1227 306 0.75
1227 307 0.50
1227 308 0.00
1227 312 1.00
1227 313 0.50
1227 309 0.25
1227 310 0.25
1228 300 0.75
1228 301 0.00
1228 302 0.25
1228 303 0.25
1228 304 0.25
1228 305 0.75
1228 306 0.50
1228 307 0.00
1228 308 0.00
1228 312 1.00
1228 313 1.00
1228 309 0.00
1228 310 1.00
1229 300 0.75
1229 301 0.25
1229 302 0.25
1229 303 0.75
1229 304 0.75
1229 305 0.75
1229 306 0.75
1229 307 0.25
1229 308 0.00
1229 312 1.00
1229 313 1.00
1229 309 0.00
1229 310 1.00
1230 300 0.50
1230 301 0.25
1230 302 0.50
1230 303 0.25
1230 304 0.75
1230 305 1.00
1230 306 0.25
1230 307 0.25
1230 308 0.00
1230 312 1.00
1230 313 1.00
1230 309 0.00
1230 310 1.00
1231 300 0.75
1231 301 1.00
1231 302 0.75
1231 303 0.25
1231 304 0.75
1231 305 1.00
1231 306 0.25
1231 307 0.25
1231 308 0.00
1231 312 0.25
1231 313 1.00
1231 309 0.00
1231 310 0.00
1232 300 0.50
1232 301 1.00
1232 302 1.00
1232 303 0.25
1232 304 1.00
1232 305 1.00
1232 306 0.00
1232 307 0.00
1232 308 0.00
1232 312 1.00
1232 313 1.00
1232 309 0.75
1232 310 0.00
1233 300 0.25
1233 301 0.25
1233 302 0.75
1233 303 0.25
1233 304 0.75
1233 305 1.00
1233 306 0.50
1233 307 0.25
1233 308 0.00
1233 312 1.00
1233 313 1.00
1233 309 0.75
1233 310 0.00
1234 300 0.75
1234 301 0.50
1234 302 0.25
1234 303 1.00
1234 304 0.75
1234 305 0.75
1234 306 0.50
1234 307 0.25
1234 308 0.00
1234 312 0.50
1234 313 0.75
1234 309 1.00
1234 310 1.00
1235 300 0.50
1235 301 0.75
1235 302 0.75
1235 303 0.75
1235 304 1.00
1235 305 1.00
1235 306 0.00
1235 307 0.00
1235 308 0.00
1235 312 1.00
1235 313 0.50
1235 309 0.75
1235 310 0.00
1236 300 0.50
1236 301 0.75
1236 302 1.00
1236 303 0.75
1236 304 1.00
1236 305 0.75
1236 306 0.00
1236 307 0.25
1236 308 0.00
1236 312 0.00
1236 313 0.00
1236 309 0.00
1236 310 0.00
1237 300 0.50
1237 301 1.00
1237 302 0.75
1237 303 0.50
1237 304 1.00
1237 305 1.00
1237 306 0.00
1237 307 0.00
1237 308 0.00
1237 312 0.25
1237 313 0.25
1237 309 0.75
1237 310 0.25
1238 300 0.75
1238 301 0.25
1238 302 0.25
1238 303 0.25
1238 304 0.75
1238 305 0.75
1238 306 0.50
1238 307 0.50
1238 308 0.00
1238 312 1.00
1238 313 1.00
1238 309 1.00
1238 310 0.00
1239 300 0.50
1239 301 0.25
1239 302 0.75
1239 303 0.75
1239 304 1.00
1239 305 0.75
1239 306 0.25
1239 307 0.25
1239 308 0.00
1239 312 1.00
1239 313 0.00
1239 309 1.00
1239 310 1.00
1240 300 0.50
1240 301 0.25
1240 302 0.75
1240 303 0.25
1240 304 0.75
1240 305 1.00
1240 306 0.25
1240 307 0.00
1240 308 0.00
1240 312 1.00
1240 313 1.00
1240 309 0.00
1240 310 0.00
1241 300 0.50
1241 301 0.75
1241 302 0.75
1241 303 0.50
1241 304 0.75
1241 305 1.00
1241 306 0.00
1241 307 0.00
1241 308 0.00
1241 312 0.00
1241 313 0.00
1241 309 0.50
1241 310 0.00
1242 300 0.50
1242 301 0.75
1242 302 0.75
1242 303 0.50
1242 304 0.75
1242 305 1.00
1242 306 0.00
1242 307 0.00
1242 308 0.00
1242 312 0.25
1242 313 0.00
1242 309 0.00
1242 310 0.00
1243 300 0.25
1243 301 0.75
1243 302 0.75
1243 303 1.00
1243 304 0.75
1243 305 1.00
1243 306 0.00
1243 307 0.00
1243 308 0.00
1243 312 0.25
1243 313 0.25
1243 309 0.75
1243 310 0.00
1244 300 0.00
1244 301 0.25
1244 302 0.75
1244 303 0.50
1244 304 0.50
1244 305 0.75
1244 306 0.00
1244 307 0.00
1244 308 0.00
1244 312 0.25
1244 313 0.00
1244 309 0.50
1244 310 0.00
1245 300 0.25
1245 301 0.50
1245 302 0.75
1245 303 0.25
1245 304 0.25
1245 305 1.00
1245 306 0.00
1245 307 0.00
1245 308 0.00
1245 312 0.50
1245 313 0.50
1245 309 0.75
1245 310 0.00
1246 300 0.50
1246 301 0.75
1246 302 0.75
1246 303 0.75
1246 304 0.75
1246 305 0.75
1246 306 0.25
1246 307 0.75
1246 308 0.00
1246 312 0.75
1246 313 0.75
1246 309 1.00
1246 310 0.75
1247 300 0.50
1247 301 0.75
1247 302 1.00
1247 303 0.75
1247 304 0.25
1247 305 1.00
1247 306 0.25
1247 307 0.75
1247 308 0.00
1247 312 0.25
1247 313 0.25
1247 309 0.00
1247 310 0.00
1248 300 0.25
1248 301 0.50
1248 302 0.75
1248 303 0.25
1248 304 0.50
1248 305 1.00
1248 306 0.00
1248 307 0.25
1248 308 0.75
1248 312 1.00
1248 313 1.00
1248 309 1.00
1248 310 0.25
1249 300 0.00
1249 301 1.00
1249 302 1.00
1249 303 0.25
1249 304 0.25
1249 305 1.00
1249 306 0.00
1249 307 0.25
1249 308 0.00
1249 312 1.00
1249 313 0.00
1249 309 0.00
1249 310 0.00
1250 300 0.25
1250 301 0.00
1250 302 0.75
1250 303 0.25
1250 304 0.25
1250 305 0.75
1250 306 0.25
1250 307 0.00
1250 308 0.00
1250 312 1.00
1250 313 1.00
1250 309 0.00
1250 310 0.00
1251 300 0.50
1251 301 0.75
1251 302 1.00
1251 303 0.75
1251 304 0.50
1251 305 0.75
1251 306 0.00
1251 307 1.00
1251 308 0.25
1251 312 0.75
1251 313 0.25
1251 309 0.75
1251 310 0.50
1252 300 0.50
1252 301 0.25
1252 302 0.25
1252 303 0.75
1252 304 0.50
1252 305 1.00
1252 306 0.00
1252 307 0.50
1252 308 0.00
1252 312 1.00
1252 313 1.00
1252 309 0.00
1252 310 0.25
1253 300 0.50
1253 301 0.75
1253 302 0.75
1253 303 0.75
1253 304 0.25
1253 305 0.50
1253 306 0.75
1253 307 0.50
1253 308 0.00
1253 312 0.50
1253 313 0.50
1253 309 1.00
1253 310 0.25
1254 300 0.50
1254 301 0.25
1254 302 0.75
1254 303 0.25
1254 304 0.25
1254 305 0.75
1254 306 0.50
1254 307 1.00
1254 308 0.00
1254 312 0.75
1254 313 0.50
1254 309 0.00
1254 310 0.00
1255 300 0.75
1255 301 0.25
1255 302 0.50
1255 303 0.75
1255 304 0.25
1255 305 0.75
1255 306 0.75
1255 307 0.50
1255 308 0.00
1255 312 0.75
1255 313 0.50
1255 309 0.00
1255 310 0.00
1256 300 0.75
1256 301 0.25
1256 302 0.50
1256 303 0.75
1256 304 0.25
1256 305 0.75
1256 306 0.50
1256 307 0.75
1256 308 0.00
1256 312 1.00
1256 313 0.75
1256 309 0.00
1256 310 0.00
1257 300 0.75
1257 301 0.75
1257 302 0.50
1257 303 0.75
1257 304 0.50
1257 305 0.75
1257 306 0.50
1257 307 0.75
1257 308 0.00
1257 312 0.50
1257 313 0.50
1257 309 0.00
1257 310 0.00
1258 300 0.75
1258 301 0.25
1258 302 0.50
1258 303 0.75
1258 304 0.50
1258 305 0.75
1258 306 0.75
1258 307 0.50
1258 308 0.75
1258 312 1.00
1258 313 0.50
1258 309 0.00
1258 310 0.00
1259 300 0.75
1259 301 1.00
1259 302 0.75
1259 303 0.75
1259 304 0.25
1259 305 0.75
1259 306 0.75
1259 307 0.50
1259 308 0.50
1259 312 0.00
1259 313 0.25
1259 309 0.00
1259 310 0.00
1260 300 0.75
1260 301 0.25
1260 302 0.50
1260 303 0.75
1260 304 0.25
1260 305 0.75
1260 306 0.75
1260 307 0.50
1260 308 0.75
1260 312 1.00
1260 313 0.00
1260 309 0.00
1260 310 0.00
1261 300 0.75
1261 301 0.75
1261 302 0.75
1261 303 0.75
1261 304 0.25
1261 305 0.75
1261 306 0.50
1261 307 0.75
1261 308 0.75
1261 312 0.25
1261 313 0.25
1261 309 0.00
1261 310 0.00
1262 300 0.75
1262 301 0.25
1262 302 0.50
1262 303 0.75
1262 304 0.25
1262 305 0.75
1262 306 0.50
1262 307 0.25
1262 308 0.00
1262 312 0.25
1262 313 0.00
1262 309 0.00
1262 310 0.00
1263 300 0.75
1263 301 0.25
1263 302 0.25
1263 303 1.00
1263 304 0.75
1263 305 1.00
1263 306 0.75
1263 307 0.50
1263 308 0.00
1263 312 0.25
1263 313 0.75
1263 309 1.00
1263 310 0.00
1264 300 0.75
1264 301 0.25
1264 302 0.75
1264 303 0.75
1264 304 0.25
1264 305 0.75
1264 306 0.50
1264 307 0.50
1264 308 0.00
1264 312 1.00
1264 313 1.00
1264 309 0.00
1264 310 0.25
1265 300 0.75
1265 301 0.25
1265 302 0.75
1265 303 0.75
1265 304 0.25
1265 305 0.75
1265 306 0.50
1265 307 0.25
1265 308 0.00
1265 312 1.00
1265 313 0.75
1265 309 1.00
1265 310 1.00
1266 300 0.75
1266 301 0.25
1266 302 0.25
1266 303 0.50
1266 304 0.25
1266 305 1.00
1266 306 0.75
1266 307 0.50
1266 308 0.00
1266 312 0.75
1266 313 0.75
1266 309 0.00
1266 310 0.00
1267 300 0.75
1267 301 0.25
1267 302 0.50
1267 303 0.75
1267 304 0.25
1267 305 1.00
1267 306 0.50
1267 307 0.50
1267 308 0.00
1267 312 0.75
1267 313 0.75
1267 309 0.00
1267 310 0.00
1268 300 0.75
1268 301 0.25
1268 302 0.50
1268 303 0.75
1268 304 0.25
1268 305 1.00
1268 306 0.50
1268 307 0.50
1268 308 0.00
1268 312 0.75
1268 313 0.75
1268 309 0.00
1268 310 0.00
1269 300 0.75
1269 301 0.25
1269 302 1.00
1269 303 0.50
1269 304 0.25
1269 305 0.75
1269 306 0.50
1269 307 0.50
1269 308 0.50
1269 312 1.00
1269 313 0.25
1269 309 1.00
1269 310 0.00
1270 300 0.50
1270 301 0.75
1270 302 0.75
1270 303 0.25
1270 304 0.50
1270 305 1.00
1270 306 0.00
1270 307 0.75
1270 308 0.00
1270 312 0.25
1270 313 0.25
1270 309 0.00
1270 310 0.00
1271 300 0.75
1271 301 0.25
1271 302 0.50
1271 303 0.75
1271 304 0.25
1271 305 0.75
1271 306 0.50
1271 307 0.75
1271 308 0.00
1271 312 0.25
1271 313 0.25
1271 309 1.00
1271 310 0.00
1272 300 0.75
1272 301 0.25
1272 302 0.50
1272 303 0.75
1272 304 0.25
1272 305 0.75
1272 306 0.25
1272 307 0.75
1272 308 0.00
1272 312 1.00
1272 313 0.00
1272 309 1.00
1272 310 0.00
1273 300 0.75
1273 301 1.00
1273 302 0.75
1273 303 1.00
1273 304 0.25
1273 305 0.75
1273 306 0.50
1273 307 1.00
1273 308 0.00
1273 312 1.00
1273 313 0.50
1273 309 0.00
1273 310 0.00
1274 300 0.75
1274 301 0.25
1274 302 0.50
1274 303 0.75
1274 304 0.25
1274 305 0.75
1274 306 0.25
1274 307 0.00
1274 308 0.00
1274 312 0.75
1274 313 0.25
1274 309 1.00
1274 310 0.00
1275 300 0.75
1275 301 0.25
1275 302 0.50
1275 303 0.75
1275 304 1.00
1275 305 1.00
1275 306 0.00
1275 307 0.00
1275 308 0.00
1275 312 1.00
1275 313 0.00
1275 309 1.00
1275 310 1.00
1276 300 0.25
1276 301 0.75
1276 302 0.75
1276 303 0.25
1276 304 0.25
1276 305 0.75
1276 306 0.00
1276 307 0.75
1276 308 0.25
1276 312 0.25
1276 313 0.25
1276 309 0.00
1276 310 0.00
1277 300 0.75
1277 301 0.75
1277 302 0.75
1277 303 0.50
1277 304 0.75
1277 305 1.00
1277 306 0.25
1277 307 0.25
1277 308 0.25
1277 312 0.25
1277 313 0.00
1277 309 1.00
1277 310 1.00
1278 300 0.50
1278 301 0.50
1278 302 0.75
1278 303 0.25
1278 304 0.50
1278 305 1.00
1278 306 0.00
1278 307 1.00
1278 308 0.00
1278 312 1.00
1278 313 0.00
1278 309 1.00
1278 310 0.00
1279 300 0.75
1279 301 0.25
1279 302 0.25
1279 303 0.75
1279 304 0.00
1279 305 0.75
1279 306 0.75
1279 307 0.50
1279 308 0.00
1279 312 1.00
1279 313 1.00
1279 309 0.75
1279 310 0.00
1280 300 0.50
1280 301 0.75
1280 302 0.50
1280 303 0.50
1280 304 0.25
1280 305 0.75
1280 306 0.75
1280 307 0.50
1280 308 0.00
1280 312 1.00
1280 313 0.50
1280 309 0.25
1280 310 0.00
1281 300 0.75
1281 301 0.75
1281 302 1.00
1281 303 0.25
1281 304 0.75
1281 305 0.75
1281 306 1.00
1281 307 0.50
1281 308 0.00
1281 312 0.25
1281 313 0.00
1281 309 1.00
1281 310 0.00
1282 300 0.75
1282 301 0.25
1282 302 0.50
1282 303 0.25
1282 304 0.25
1282 305 0.75
1282 306 0.50
1282 307 0.50
1282 308 0.00
1282 312 1.00
1282 313 0.75
1282 309 1.00
1282 310 0.25
1283 300 0.50
1283 301 1.00
1283 302 0.75
1283 303 0.50
1283 304 0.25
1283 305 1.00
1283 306 0.25
1283 307 0.75
1283 308 0.00
1283 312 1.00
1283 313 0.75
1283 309 0.00
1283 310 0.00
1284 300 0.75
1284 301 0.25
1284 302 0.75
1284 303 0.75
1284 304 0.25
1284 305 1.00
1284 306 0.75
1284 307 0.25
1284 308 0.00
1284 312 1.00
1284 313 1.00
1284 309 1.00
1284 310 0.00
1285 300 0.25
1285 301 0.50
1285 302 0.75
1285 303 0.25
1285 304 0.75
1285 305 1.00
1285 306 0.00
1285 307 1.00
1285 308 0.00
1285 312 0.25
1285 313 0.50
1285 309 0.75
1285 310 0.00
1286 300 0.50
1286 301 1.00
1286 302 0.50
1286 303 0.75
1286 304 0.50
1286 305 0.75
1286 306 0.00
1286 307 1.00
1286 308 0.00
1286 312 0.25
1286 313 0.00
1286 309 0.00
1286 310 0.00
1287 300 0.75
1287 301 1.00
1287 302 0.75
1287 303 0.75
1287 304 0.25
1287 305 1.00
1287 306 0.50
1287 307 1.00
1287 308 0.00
1287 312 0.25
1287 313 0.75
1287 309 0.00
1287 310 0.00
1288 300 0.75
1288 301 0.25
1288 302 0.50
1288 303 1.00
1288 304 0.25
1288 305 0.50
1288 306 0.50
1288 307 0.50
1288 308 0.00
1288 312 1.00
1288 313 1.00
1288 309 1.00
1288 310 1.00
1289 300 0.75
1289 301 0.50
1289 302 0.75
1289 303 0.75
1289 304 0.50
1289 305 0.75
1289 306 0.75
1289 307 0.50
1289 308 0.00
1289 312 0.25
1289 313 0.50
1289 309 0.75
1289 310 0.25
1290 300 0.75
1290 301 0.75
1290 302 0.50
1290 303 0.75
1290 304 0.50
1290 305 0.75
1290 306 0.50
1290 307 0.75
1290 308 0.00
1290 312 0.25
1290 313 0.00
1290 309 0.75
1290 310 0.25
1291 300 0.25
1291 301 1.00
1291 302 1.00
1291 303 0.75
1291 304 0.50
1291 305 1.00
1291 306 0.00
1291 307 1.00
1291 308 0.25
1291 312 0.25
1291 313 0.00
1291 309 0.00
1291 310 0.00
1292 300 0.50
1292 301 0.75
1292 302 0.75
1292 303 0.25
1292 304 0.25
1292 305 0.75
1292 306 0.25
1292 307 0.75
1292 308 0.25
1292 312 0.75
1292 313 0.00
1292 309 0.75
1292 310 1.00
1293 300 0.75
1293 301 1.00
1293 302 0.75
1293 303 0.75
1293 304 0.50
1293 305 1.00
1293 306 0.00
1293 307 0.75
1293 308 0.00
1293 312 0.25
1293 313 0.00
1293 309 1.00
1293 310 0.00
1294 300 0.75
1294 301 0.25
1294 302 0.50
1294 303 0.75
1294 304 0.25
1294 305 1.00
1294 306 0.50
1294 307 0.75
1294 308 0.00
1294 312 0.75
1294 313 0.50
1294 309 0.00
1294 310 0.00
1295 300 0.25
1295 301 0.75
1295 302 1.00
1295 303 0.25
1295 304 0.25
1295 305 1.00
1295 306 0.25
1295 307 0.75
1295 308 0.25
1295 312 0.00
1295 313 0.00
1295 309 1.00
1295 310 0.25
1296 300 1.00
1296 301 0.25
1296 302 0.25
1296 303 0.75
1296 304 0.50
1296 305 0.75
1296 306 0.75
1296 307 0.50
1296 308 0.00
1296 312 0.75
1296 313 1.00
1296 309 1.00
1296 310 0.25
1297 300 0.75
1297 301 0.25
1297 302 0.25
1297 303 0.50
1297 304 0.25
1297 305 0.75
1297 306 0.50
1297 307 0.75
1297 308 0.50
1297 312 0.75
1297 313 0.50
1297 309 0.25
1297 310 1.00
1298 300 0.50
1298 301 0.50
1298 302 0.25
1298 303 0.25
1298 304 0.75
1298 305 1.00
1298 306 0.25
1298 307 0.00
1298 308 0.00
1298 312 0.00
1298 313 0.00
1298 309 0.75
1298 310 0.00
1299 300 0.75
1299 301 0.75
1299 302 0.50
1299 303 0.75
1299 304 0.25
1299 305 0.50
1299 306 0.75
1299 307 0.50
1299 308 0.00
1299 312 0.25
1299 313 0.00
1299 309 0.75
1299 310 0.00
1300 300 0.75
1300 301 0.75
1300 302 0.75
1300 303 0.75
1300 304 0.75
1300 305 1.00
1300 306 0.25
1300 307 0.50
1300 308 0.00
1300 312 0.00
1300 313 0.00
1300 309 1.00
1300 310 0.00
1301 300 0.75
1301 301 0.25
1301 302 0.25
1301 303 0.75
1301 304 0.25
1301 305 1.00
1301 306 0.25
1301 307 0.75
1301 308 0.00
1301 312 0.50
1301 313 0.00
1301 309 0.00
1301 310 1.00
1302 300 0.50
1302 301 0.75
1302 302 0.75
1302 303 0.75
1302 304 0.25
1302 305 0.75
1302 306 0.50
1302 307 0.75
1302 308 0.00
1302 312 0.25
1302 313 0.25
1302 309 0.75
1302 310 0.25
1303 300 0.50
1303 301 0.75
1303 302 0.75
1303 303 0.75
1303 304 0.50
1303 305 0.75
1303 306 0.75
1303 307 0.75
1303 308 0.00
1303 312 0.00
1303 313 0.00
1303 309 0.75
1303 310 0.25
1304 300 0.75
1304 301 0.75
1304 302 0.50
1304 303 0.75
1304 304 0.75
1304 305 0.75
1304 306 0.25
1304 307 0.75
1304 308 0.00
1304 312 1.00
1304 313 0.75
1304 309 0.75
1304 310 0.25
1305 300 0.75
1305 301 0.25
1305 302 0.75
1305 303 0.25
1305 304 0.25
1305 305 1.00
1305 306 0.25
1305 307 0.50
1305 308 0.00
1305 312 1.00
1305 313 0.75
1305 309 0.75
1305 310 0.25
1306 300 0.75
1306 301 0.75
1306 302 0.75
1306 303 0.75
1306 304 0.50
1306 305 1.00
1306 306 0.25
1306 307 1.00
1306 308 0.00
1306 312 0.25
1306 313 0.25
1306 309 1.00
1306 310 0.00
1307 300 0.50
1307 301 0.25
1307 302 0.75
1307 303 0.50
1307 304 0.25
1307 305 0.75
1307 306 0.75
1307 307 0.50
1307 308 0.00
1307 312 0.75
1307 313 0.75
1307 309 0.75
1307 310 0.25
1308 300 0.75
1308 301 0.75
1308 302 0.50
1308 303 0.75
1308 304 0.25
1308 305 0.50
1308 306 0.50
1308 307 0.75
1308 308 0.00
1308 312 0.25
1308 313 0.50
1308 309 0.00
1308 310 0.50
1309 300 0.75
1309 301 0.25
1309 302 0.25
1309 303 0.25
1309 304 0.75
1309 305 0.75
1309 306 0.50
1309 307 0.00
1309 308 0.00
1309 312 0.75
1309 313 1.00
1309 309 1.00
1309 310 0.50
1310 300 0.25
1310 301 0.00
1310 302 0.75
1310 303 0.25
1310 304 0.25
1310 305 0.75
1310 306 1.00
1310 307 0.50
1310 308 0.00
1310 312 1.00
1310 313 1.00
1310 309 1.00
1310 310 1.00
1311 300 0.25
1311 301 0.75
1311 302 0.75
1311 303 0.25
1311 304 0.00
1311 305 0.75
1311 306 0.00
1311 307 0.00
1311 308 0.00
1311 312 0.25
1311 313 0.50
1311 309 0.00
1311 310 0.00
1312 300 0.75
1312 301 0.25
1312 302 0.25
1312 303 0.75
1312 304 0.25
1312 305 1.00
1312 306 0.75
1312 307 0.50
1312 308 0.00
1312 312 0.50
1312 313 0.50
1312 309 1.00
1312 310 0.00
1313 300 0.75
1313 301 0.25
1313 302 0.25
1313 303 1.00
1313 304 0.25
1313 305 0.75
1313 306 0.75
1313 307 0.50
1313 308 0.00
1313 312 1.00
1313 313 1.00
1313 309 0.00
1313 310 0.00
1314 300 0.75
1314 301 0.50
1314 302 0.25
1314 303 0.75
1314 304 0.25
1314 305 1.00
1314 306 0.50
1314 307 0.75
1314 308 0.00
1314 312 0.75
1314 313 1.00
1314 309 0.00
1314 310 0.00
1315 300 0.25
1315 301 0.75
1315 302 1.00
1315 303 0.25
1315 304 0.25
1315 305 0.75
1315 306 0.00
1315 307 0.00
1315 308 0.00
1315 312 0.75
1315 313 0.75
1315 309 0.00
1315 310 0.00
1316 300 0.25
1316 301 0.50
1316 302 0.50
1316 303 0.75
1316 304 0.50
1316 305 1.00
1316 306 0.25
1316 307 0.25
1316 308 0.00
1316 312 0.75
1316 313 1.00
1316 309 0.00
1316 310 0.25
1317 300 0.75
1317 301 0.75
1317 302 0.25
1317 303 0.25
1317 304 0.50
1317 305 1.00
1317 306 0.50
1317 307 0.50
1317 308 0.00
1317 312 0.25
1317 313 0.50
1317 309 0.50
1317 310 1.00
1318 300 0.25
1318 301 0.25
1318 302 0.75
1318 303 0.25
1318 304 0.25
1318 305 1.00
1318 306 0.00
1318 307 0.00
1318 308 0.00
1318 312 0.75
1318 313 1.00
1318 309 0.00
1318 310 0.00
1319 300 0.50
1319 301 1.00
1319 302 0.75
1319 303 0.75
1319 304 0.25
1319 305 1.00
1319 306 0.25
1319 307 0.25
1319 308 0.00
1319 312 0.25
1319 313 0.25
1319 309 0.00
1319 310 0.00
1320 300 0.25
1320 301 1.00
1320 302 1.00
1320 303 0.75
1320 304 0.75
1320 305 1.00
1320 306 0.00
1320 307 0.75
1320 308 0.25
1320 312 0.25
1320 313 0.50
1320 309 0.00
1320 310 0.00
1321 300 0.75
1321 301 1.00
1321 302 1.00
1321 303 0.50
1321 304 0.25
1321 305 1.00
1321 306 0.25
1321 307 0.75
1321 308 0.00
1321 312 0.00
1321 313 0.00
1321 309 0.00
1321 310 0.00
1322 300 0.25
1322 301 0.75
1322 302 0.75
1322 303 0.25
1322 304 0.25
1322 305 1.00
1322 306 0.25
1322 307 0.50
1322 308 0.00
1322 312 0.25
1322 313 0.50
1322 309 0.00
1322 310 0.00
1323 300 0.50
1323 301 0.75
1323 302 0.75
1323 303 0.25
1323 305 1.00
1323 306 0.00
1323 307 0.25
1323 308 0.50
1323 312 0.25
1323 313 0.25
1323 309 1.00
1323 310 0.50
1324 300 0.50
1324 301 0.25
1324 302 0.75
1324 303 0.25
1324 304 0.50
1324 305 1.00
1324 306 0.00
1324 307 0.00
1324 308 0.25
1324 312 1.00
1324 313 0.75
1324 309 1.00
1324 310 0.25
1325 300 0.50
1325 301 0.25
1325 302 0.25
1325 303 0.75
1325 304 0.25
1325 305 0.75
1325 306 1.00
1325 307 0.75
1325 308 0.50
1325 312 0.25
1325 313 1.00
1325 309 1.00
1325 310 1.00
1326 300 0.50
1326 301 1.00
1326 302 1.00
1326 303 0.75
1326 304 0.75
1326 305 1.00
1326 306 0.25
1326 307 0.25
1326 308 0.00
1326 312 0.25
1326 313 0.75
1326 309 0.00
1326 310 0.00
1327 300 0.25
1327 301 0.75
1327 302 1.00
1327 303 0.75
1327 304 0.75
1327 305 1.00
1327 306 0.00
1327 307 0.50
1327 308 0.75
1327 312 0.00
1327 313 0.00
1327 309 0.00
1327 310 1.00
1328 300 0.50
1328 301 0.75
1328 302 0.75
1328 303 0.75
1328 304 0.25
1328 305 1.00
1328 306 0.00
1328 307 0.25
1328 308 0.00
1328 312 0.75
1328 313 0.75
1328 309 1.00
1328 310 0.25
1329 300 0.50
1329 301 0.75
1329 302 0.50
1329 303 0.75
1329 304 0.25
1329 305 0.75
1329 306 1.00
1329 307 0.50
1329 308 0.00
1329 312 0.25
1329 313 0.75
1329 309 0.00
1329 310 0.00
1330 300 0.75
1330 301 0.75
1330 302 0.75
1330 303 1.00
1330 304 0.50
1330 305 0.75
1330 306 0.50
1330 307 0.75
1330 308 0.00
1330 312 0.25
1330 313 0.50
1330 309 0.00
1330 310 0.00
1331 300 0.75
1331 301 1.00
1331 302 0.75
1331 303 1.00
1331 304 1.00
1331 305 1.00
1331 306 0.00
1331 307 0.50
1331 308 0.25
1331 312 0.25
1331 313 0.00
1331 309 0.75
1331 310 0.00
1332 300 0.50
1332 301 0.75
1332 302 0.75
1332 303 0.50
1332 304 0.25
1332 305 0.75
1332 306 0.75
1332 307 0.75
1332 308 0.00
1332 312 0.25
1332 313 1.00
1332 309 0.00
1332 310 0.00
1333 300 0.25
1333 301 1.00
1333 302 0.75
1333 303 0.50
1333 304 0.25
1333 305 1.00
1333 306 0.00
1333 307 1.00
1333 308 0.00
1333 312 0.00
1333 313 0.00
1333 309 1.00
1333 310 0.00
1334 300 0.25
1334 301 1.00
1334 302 1.00
1334 303 0.75
1334 304 0.00
1334 305 0.75
1334 306 0.75
1334 307 0.75
1334 308 0.00
1334 312 0.25
1334 313 1.00
1334 309 0.75
1334 310 0.00
1335 300 0.50
1335 301 0.75
1335 302 0.50
1335 303 0.75
1335 304 0.50
1335 305 0.75
1335 306 0.25
1335 307 1.00
1335 308 0.75
1335 312 0.25
1335 313 0.50
1335 309 0.00
1335 310 0.00
1336 300 0.50
1336 301 0.25
1336 302 0.50
1336 303 0.75
1336 304 0.25
1336 305 0.75
1336 306 1.00
1336 307 0.25
1336 308 0.00
1336 312 1.00
1336 313 1.00
1336 309 1.00
1336 310 0.00
1337 300 0.75
1337 301 1.00
1337 302 0.50
1337 303 0.75
1337 304 1.00
1337 305 0.75
1337 306 0.00
1337 307 0.75
1337 308 0.50
1337 312 0.75
1337 313 0.75
1337 309 0.25
1337 310 1.00
1338 300 0.75
1338 301 1.00
1338 302 1.00
1338 303 0.75
1338 304 0.75
1338 305 1.00
1338 306 0.00
1338 307 0.75
1338 308 0.25
1338 312 0.00
1338 313 0.00
1338 309 0.00
1338 310 1.00
1339 300 0.75
1339 301 0.75
1339 302 0.75
1339 303 0.75
1339 304 1.00
1339 305 1.00
1339 306 0.00
1339 307 0.50
1339 308 0.50
1339 312 0.25
1339 313 0.50
1339 309 1.00
1339 310 0.75
1340 300 0.25
1340 301 0.75
1340 302 1.00
1340 303 1.00
1340 304 0.75
1340 305 1.00
1340 306 0.00
1340 307 0.50
1340 308 0.50
1340 312 0.50
1340 313 0.25
1340 309 0.00
1340 310 0.00
1341 300 0.50
1341 301 0.75
1341 302 0.75
1341 303 1.00
1341 304 0.50
1341 305 1.00
1341 306 0.00
1341 307 0.50
1341 308 0.25
1341 312 0.75
1341 313 0.00
1341 309 0.00
1341 310 0.25
1342 300 0.50
1342 301 0.75
1342 302 0.75
1342 303 0.75
1342 304 0.50
1342 305 1.00
1342 306 0.50
1342 307 1.00
1342 308 0.00
1342 312 1.00
1342 313 0.50
1342 309 0.00
1342 310 0.00
1343 300 0.25
1343 301 0.75
1343 302 0.75
1343 303 1.00
1343 304 0.50
1343 305 0.75
1343 306 0.00
1343 307 0.50
1343 308 0.00
1343 312 0.50
1343 313 0.00
1343 309 0.00
1343 310 1.00
1344 300 0.75
1344 301 1.00
1344 302 1.00
1344 303 1.00
1344 304 1.00
1344 305 1.00
1344 306 0.00
1344 307 0.50
1344 308 0.00
1344 312 0.00
1344 313 0.00
1344 309 1.00
1344 310 0.75
1345 300 0.50
1345 301 0.75
1345 302 0.75
1345 303 1.00
1345 304 0.75
1345 305 0.75
1345 306 0.00
1345 307 0.75
1345 308 0.00
1345 312 0.25
1345 313 0.25
1345 309 0.00
1345 310 0.25
1346 300 0.25
1346 301 0.75
1346 302 1.00
1346 303 0.75
1346 304 0.75
1346 305 1.00
1346 306 0.00
1346 307 0.50
1346 308 0.00
1346 312 0.00
1346 313 0.00
1346 309 0.00
1346 310 0.00
1347 300 0.75
1347 301 0.75
1347 302 0.75
1347 303 1.00
1347 304 0.75
1347 305 1.00
1347 306 0.00
1347 307 0.50
1347 308 0.25
1347 312 0.00
1347 313 0.00
1347 309 0.00
1347 310 1.00
1348 300 0.75
1348 301 1.00
1348 302 1.00
1348 303 1.00
1348 304 1.00
1348 305 0.75
1348 306 0.00
1348 307 1.00
1348 308 1.00
1348 312 0.75
1348 313 0.00
1348 309 0.00
1348 310 0.25
1349 300 0.50
1349 301 0.75
1349 302 0.75
1349 303 1.00
1349 304 0.50
1349 305 1.00
1349 306 0.00
1349 307 0.25
1349 308 0.25
1349 312 0.25
1349 313 0.50
1349 309 0.75
1349 310 0.25
1350 300 0.50
1350 301 0.50
1350 302 0.50
1350 303 0.75
1350 304 0.75
1350 305 1.00
1350 306 0.25
1350 307 0.75
1350 308 0.00
1350 312 0.75
1350 313 0.25
1350 309 0.25
1350 310 0.25
1351 300 0.50
1351 301 1.00
1351 302 1.00
1351 303 0.75
1351 304 0.50
1351 305 1.00
1351 306 0.00
1351 307 0.75
1351 308 0.25
1351 312 0.25
1351 313 0.50
1351 309 0.00
1351 310 0.00
1352 300 0.50
1352 301 0.75
1352 302 0.75
1352 303 0.50
1352 304 0.75
1352 305 0.75
1352 306 0.00
1352 307 0.25
1352 308 0.00
1352 312 0.25
1352 313 0.25
1352 309 0.50
1352 310 0.00
1353 300 0.75
1353 301 1.00
1353 302 1.00
1353 303 0.75
1353 304 1.00
1353 305 1.00
1353 306 0.00
1353 307 0.50
1353 308 0.50
1353 312 0.25
1353 313 0.00
1353 309 0.50
1353 310 0.75
1354 300 0.75
1354 301 0.75
1354 302 0.75
1354 303 1.00
1354 304 1.00
1354 305 0.75
1354 306 0.00
1354 307 0.75
1354 308 0.00
1354 312 0.50
1354 313 0.25
1354 309 0.00
1354 310 0.00
1355 300 0.50
1355 301 0.75
1355 302 1.00
1355 303 0.75
1355 304 0.75
1355 305 0.75
1355 306 0.00
1355 307 0.50
1355 308 0.25
1355 312 0.50
1355 313 0.50
1355 309 0.00
1355 310 1.00
1356 300 0.25
1356 301 0.50
1356 302 0.75
1356 303 0.25
1356 304 0.50
1356 305 1.00
1356 306 0.00
1356 307 0.50
1356 308 0.25
1356 312 0.50
1356 313 0.25
1356 309 0.50
1356 310 0.25
1357 300 0.75
1357 301 0.25
1357 302 0.25
1357 303 1.00
1357 304 1.00
1357 305 0.25
1357 306 0.50
1357 307 0.50
1357 308 0.00
1357 312 0.25
1357 313 0.25
1357 309 0.25
1357 310 0.00
1358 300 0.75
1358 301 0.75
1358 302 0.75
1358 303 0.50
1358 304 0.25
1358 305 0.75
1358 306 0.25
1358 307 0.75
1358 308 0.00
1358 312 0.00
1358 313 0.00
1358 309 1.00
1358 310 0.00
1359 300 0.75
1359 301 0.75
1359 302 0.50
1359 303 0.75
1359 304 0.75
1359 305 0.75
1359 306 0.50
1359 307 0.75
1359 308 0.25
1359 312 0.25
1359 313 0.00
1359 309 1.00
1359 310 0.50
1360 300 0.75
1360 301 0.25
1360 302 0.25
1360 303 1.00
1360 304 0.25
1360 305 0.25
1360 306 0.75
1360 307 0.50
1360 308 0.00
1360 312 1.00
1360 313 1.00
1360 309 0.00
1360 310 1.00
1361 300 0.50
1361 301 0.75
1361 302 0.75
1361 303 0.50
1361 304 0.25
1361 305 0.75
1361 306 0.25
1361 307 1.00
1361 308 0.00
1361 312 0.25
1361 313 0.25
1361 309 0.00
1361 310 0.00
1362 300 0.75
1362 301 0.25
1362 302 0.25
1362 303 1.00
1362 304 0.75
1362 305 0.25
1362 306 1.00
1362 307 0.50
1362 308 0.00
1362 312 1.00
1362 313 1.00
1362 309 0.25
1362 310 1.00
1363 300 0.75
1363 301 0.50
1363 302 0.50
1363 303 1.00
1363 304 0.75
1363 305 0.25
1363 306 0.75
1363 307 0.25
1363 308 0.00
1363 312 0.75
1363 313 0.50
1363 309 0.50
1363 310 0.00
1364 300 0.75
1364 301 1.00
1364 302 1.00
1364 303 0.75
1364 304 0.50
1364 305 0.75
1364 306 0.50
1364 307 0.75
1364 308 0.00
1364 312 0.25
1364 313 1.00
1364 309 1.00
1364 310 0.00
1365 300 0.75
1365 301 0.25
1365 302 0.50
1365 303 1.00
1365 304 0.25
1365 305 0.75
1365 306 0.75
1365 307 0.75
1365 308 0.00
1365 312 1.00
1365 313 1.00
1365 309 0.00
1365 310 0.00
1366 300 0.50
1366 301 0.25
1366 302 0.25
1366 303 0.75
1366 304 0.25
1366 305 0.25
1366 306 0.50
1366 307 0.50
1366 308 0.00
1366 312 0.75
1366 313 0.50
1366 309 0.00
1366 310 0.00
1367 300 0.50
1367 301 0.75
1367 302 0.75
1367 303 0.75
1367 304 0.50
1367 305 0.75
1367 306 0.50
1367 307 0.50
1367 308 0.00
1367 312 0.25
1367 313 0.25
1367 309 0.00
1367 310 0.25
1368 300 0.75
1368 301 0.25
1368 302 0.25
1368 303 0.75
1368 304 0.25
1368 305 0.75
1368 306 0.75
1368 307 0.75
1368 308 0.00
1368 312 1.00
1368 313 1.00
1368 309 0.00
1368 310 0.00
1369 300 0.25
1369 301 0.75
1369 302 0.75
1369 303 0.50
1369 304 0.25
1369 305 0.25
1369 306 0.25
1369 307 0.75
1369 308 0.00
1369 312 0.00
1369 313 0.00
1369 309 0.00
1369 310 0.00
1370 300 0.75
1370 301 0.25
1370 302 0.25
1370 303 0.75
1370 304 0.50
1370 305 0.75
1370 306 0.75
1370 307 0.75
1370 308 0.00
1370 312 1.00
1370 313 1.00
1370 309 0.25
1370 310 1.00
1371 300 0.25
1371 301 0.00
1371 302 0.25
1371 303 0.50
1371 304 0.25
1371 305 0.75
1371 306 0.50
1371 307 1.00
1371 308 0.00
1371 312 0.75
1371 313 0.25
1371 309 0.00
1371 310 0.00
1372 300 0.75
1372 301 0.75
1372 302 0.75
1372 303 1.00
1372 304 0.75
1372 305 1.00
1372 306 0.25
1372 307 0.75
1372 308 0.00
1372 312 0.25
1372 313 0.25
1372 309 0.00
1372 310 0.00
1373 300 0.75
1373 301 0.25
1373 302 0.50
1373 303 0.25
1373 304 0.25
1373 305 0.75
1373 306 0.50
1373 307 0.50
1373 308 0.00
1373 312 1.00
1373 313 0.25
1373 309 0.50
1373 310 0.00
1374 300 0.50
1374 301 0.75
1374 302 0.50
1374 303 0.25
1374 304 0.25
1374 305 0.25
1374 306 0.50
1374 307 0.75
1374 308 0.00
1374 312 0.25
1374 313 0.75
1374 309 0.00
1374 310 0.00
1375 300 0.50
1375 301 0.75
1375 302 0.75
1375 303 1.00
1375 304 0.25
1375 305 0.50
1375 306 0.50
1375 307 1.00
1375 308 0.00
1375 312 0.25
1375 313 0.25
1375 309 0.00
1375 310 0.00
1376 300 0.75
1376 301 0.25
1376 302 0.75
1376 303 1.00
1376 304 0.50
1376 305 0.50
1376 306 0.75
1376 307 0.50
1376 308 0.00
1376 312 1.00
1376 313 1.00
1376 309 1.00
1376 310 1.00
1377 300 0.75
1377 301 0.25
1377 302 0.75
1377 303 1.00
1377 304 0.25
1377 305 0.50
1377 306 0.75
1377 307 0.50
1377 308 0.00
1377 312 1.00
1377 313 1.00
1377 309 0.00
1377 310 0.00
1378 300 0.75
1378 301 0.75
1378 302 0.75
1378 303 0.75
1378 304 0.25
1378 305 0.25
1378 306 0.75
1378 307 0.50
1378 308 0.00
1378 312 0.25
1378 313 0.50
1378 309 0.75
1378 310 0.25
1379 300 0.50
1379 301 0.75
1379 302 0.75
1379 303 0.50
1379 304 0.50
1379 305 0.50
1379 306 0.75
1379 307 0.75
1379 308 0.00
1379 312 0.25
1379 313 0.50
1379 309 0.00
1379 310 0.00
1380 300 0.75
1380 301 0.75
1380 302 0.50
1380 303 0.75
1380 304 0.50
1380 305 0.25
1380 306 0.50
1380 307 0.50
1380 308 0.00
1380 312 0.25
1380 313 0.00
1380 309 1.00
1380 310 0.25
1381 300 0.50
1381 301 0.75
1381 302 1.00
1381 303 0.75
1381 304 0.50
1381 305 0.75
1381 306 0.25
1381 307 0.00
1381 308 0.00
1381 312 0.00
1381 313 0.00
1381 309 0.00
1381 310 1.00
1382 300 0.75
1382 301 0.25
1382 302 0.50
1382 303 1.00
1382 304 0.50
1382 305 0.75
1382 306 0.50
1382 307 0.50
1382 308 0.00
1382 312 1.00
1382 313 0.50
1382 309 0.00
1382 310 0.00
1383 300 0.75
1383 301 0.75
1383 302 0.75
1383 303 1.00
1383 304 0.75
1383 305 0.50
1383 306 0.50
1383 307 0.75
1383 308 0.00
1383 312 0.25
1383 313 0.50
1383 309 0.25
1383 310 0.00
1384 300 0.75
1384 301 0.75
1384 302 0.75
1384 303 1.00
1384 304 0.75
1384 305 0.50
1384 306 0.75
1384 307 0.50
1384 308 0.00
1384 312 0.75
1384 313 0.75
1384 309 0.25
1384 310 0.25
1385 300 0.75
1385 301 0.25
1385 302 0.25
1385 303 1.00
1385 304 0.50
1385 305 0.25
1385 306 0.75
1385 307 0.50
1385 308 0.00
1385 312 1.00
1385 313 1.00
1385 309 0.25
1385 310 1.00
1386 300 0.75
1386 301 0.25
1386 302 0.25
1386 303 0.75
1386 304 0.50
1386 305 0.25
1386 306 0.75
1386 307 0.75
1386 308 0.00
1386 312 1.00
1386 313 0.50
1386 309 0.00
1386 310 0.00
1387 300 0.75
1387 301 0.25
1387 302 0.25
1387 303 0.50
1387 304 0.25
1387 305 0.25
1387 306 0.75
1387 307 0.50
1387 308 0.00
1387 312 1.00
1387 313 1.00
1387 309 0.00
1387 310 0.00
1388 300 0.75
1388 301 0.25
1388 302 0.25
1388 303 0.75
1388 304 0.25
1388 305 0.75
1388 306 0.75
1388 307 0.75
1388 308 0.00
1388 312 0.75
1388 313 1.00
1388 309 0.00
1388 310 0.00
1389 300 0.75
1389 301 0.25
1389 302 0.25
1389 303 0.50
1389 304 0.25
1389 305 0.75
1389 306 0.75
1389 307 0.50
1389 308 0.00
1389 312 1.00
1389 313 0.75
1389 309 0.75
1389 310 1.00
1390 300 0.75
1390 301 0.00
1390 302 0.25
1390 303 0.75
1390 304 0.50
1390 305 0.50
1390 306 0.75
1390 307 0.50
1390 308 0.00
1390 312 1.00
1390 313 1.00
1390 309 1.00
1390 310 1.00
1391 300 0.75
1391 301 0.25
1391 302 0.25
1391 303 0.75
1391 304 0.50
1391 305 0.50
1391 306 0.75
1391 307 0.75
1391 308 0.00
1391 312 1.00
1391 313 0.75
1391 309 1.00
1391 310 0.00
1392 300 0.75
1392 301 0.25
1392 302 0.25
1392 303 0.75
1392 304 0.50
1392 305 0.75
1392 306 0.75
1392 307 0.75
1392 308 0.00
1392 312 1.00
1392 313 1.00
1392 309 0.75
1392 310 0.25
1393 300 0.75
1393 301 0.25
1393 302 0.25
1393 303 0.75
1393 304 0.50
1393 305 0.75
1393 306 0.75
1393 307 0.50
1393 308 0.00
1393 312 1.00
1393 313 0.75
1393 309 1.00
1393 310 1.00
1394 300 0.75
1394 301 0.25
1394 302 0.25
1394 303 0.75
1394 304 0.25
1394 305 1.00
1394 306 0.75
1394 307 1.00
1394 308 0.00
1394 312 0.75
1394 313 0.50
1394 309 0.00
1394 310 0.00
1395 300 0.50
1395 301 0.25
1395 302 0.75
1395 303 0.25
1395 304 0.25
1395 305 0.75
1395 306 0.50
1395 307 0.75
1395 308 0.00
1395 312 1.00
1395 313 0.00
1395 309 0.00
1395 310 0.00
1396 300 0.75
1396 301 0.25
1396 302 0.25
1396 303 0.75
1396 304 0.25
1396 305 0.75
1396 306 0.75
1396 307 0.50
1396 308 0.00
1396 312 1.00
1396 313 0.25
1396 309 0.25
1396 310 0.75
1397 300 0.50
1397 301 0.25
1397 302 0.25
1397 303 0.50
1397 304 0.75
1397 305 0.25
1397 306 0.50
1397 307 0.25
1397 308 0.00
1397 312 1.00
1397 313 0.75
1397 309 0.00
1397 310 1.00
1398 300 0.75
1398 301 0.25
1398 302 0.25
1398 303 0.75
1398 304 0.25
1398 305 1.00
1398 306 0.75
1398 307 0.50
1398 308 0.00
1398 312 1.00
1398 313 0.50
1398 309 0.00
1398 310 0.00
1399 300 0.50
1399 301 0.25
1399 302 0.50
1399 303 0.75
1399 304 0.25
1399 305 0.25
1399 306 0.75
1399 307 0.50
1399 308 0.00
1399 312 1.00
1399 313 0.75
1399 309 0.00
1399 310 0.00
1400 300 0.75
1400 301 0.25
1400 302 0.50
1400 303 0.75
1400 304 0.25
1400 305 0.75
1400 306 0.50
1400 307 0.75
1400 308 0.00
1400 312 1.00
1400 313 1.00
1400 309 0.75
1400 310 1.00
