200 300 0.7
200 303 0.8
200 309 0.6
201 305 0.8
201 307 0.7
201 314 0.6
202 311 0.9
202 309 0.7
202 315 0.8
203 310 0.6
203 313 0.7
203 319 0.5
204 313 0.8
204 320 0.7
204 310 0.9
205 316 0.8
205 304 0.6
205 312 0.7
206 312 0.6
206 318 0.5
206 313 0.7
207 312 0.9
207 310 0.8
207 314 0.7
208 312 0.7
208 310 0.6
208 314 0.8
209 303 0.6
209 300 0.7
209 309 0.5
210 312 0.9
210 318 0.7
210 313 0.8
211 312 0.8
211 318 0.6
211 313 0.7
212 303 0.7
212 305 0.8
212 307 0.6
213 300 0.8
213 306 0.7
213 313 0.6
214 320 0.8
214 310 0.7
214 304 0.6
215 313 0.6
215 318 0.5
215 309 0.7
